1e-030 1e-030 1e-030 1e-030 1e-030 1e-030 1e-030 1e-030 1e-030 1e-030 1e-030 1e-030 1e-030 1e-030 1e-030 1e-030 1e-030 5.21582e-273 1e-030 1e-030 1e-030 1e-030 1e-030 0.111111 1e-030 1e-030 1e-030 1.44927e-008 1e-030 1e-030 0.444444 0.444444 
1e-030 1e-030 1e-030 1e-030 1e-030 1e-030 1e-030 1e-030 1e-030 1e-030 1e-030 1e-030 1e-030 1e-030 1e-030 1e-030 8.01384e-252 1.95282e-091 1e-030 1e-030 5.51077e-100 1e-030 1e-030 1.85989e-006 1e-030 1e-030 1e-030 0.591997 1e-030 1e-030 2.99432e-007 0.408 
1e-030 1e-030 1e-030 1e-030 1e-030 1e-030 1e-030 1e-030 1e-030 1e-030 1e-030 1e-030 1e-030 1e-030 1e-030 1e-030 4.59605e-100 8.07441e-023 1e-030 1e-030 1.23167e-072 1e-030 1e-030 0.279857 1e-030 1e-030 1e-030 0.494611 1e-030 1e-030 3.25794e-073 0.225532 
1e-030 1e-030 1e-030 1e-030 1e-030 1e-030 1e-030 1e-030 1e-030 1e-030 1e-030 1e-030 1e-030 1e-030 1e-030 1e-030 0.151676 0.60021 1e-030 1e-030 0.151701 1e-030 1e-030 0.0964131 1e-030 1e-030 1e-030 2.83237e-014 1e-030 1e-030 6.9743e-020 1.59991e-232 
1e-030 0.0709117 1e-030 1e-030 1e-030 1e-030 1e-030 0.106367 1e-030 1e-030 1e-030 1e-030 1e-030 0.124095 1e-030 1e-030 0.053187 0.0539557 0.0354558 1e-030 0.0177283 1e-030 1e-030 0.041917 0.0531837 1e-030 1e-030 0.0709117 1e-030 0.0177279 0.301375 0.0531837 
1e-030 1e-030 1e-030 1e-030 1e-030 1e-030 1e-030 1e-030 1e-030 1e-030 1e-030 1e-030 1e-030 1e-030 1e-030 1e-030 1e-030 1e-030 1e-030 1e-030 1e-030 1e-030 1e-030 1.53444e-036 1e-030 1e-030 1e-030 1e-030 1e-030 2.37164e-164 0.4 0.6 
1e-030 1e-030 1e-030 1e-030 1e-030 1e-030 1e-030 1e-030 1e-030 1e-030 1e-030 1e-030 1e-030 1e-030 1e-030 1e-030 1e-030 1e-030 1e-030 1e-030 1e-030 1e-030 1e-030 0.499992 1e-030 1e-030 1e-030 8.12573e-006 1e-030 0.124998 2.27693e-012 0.375002 
1e-030 1e-030 1e-030 1e-030 1e-030 1e-030 1e-030 1e-030 1e-030 1e-030 1e-030 1e-030 1e-030 1e-030 1e-030 1e-030 1e-030 3.97985e-027 1e-030 1e-030 1e-030 1e-030 2.73039e-203 2.99215e-042 1e-030 1e-030 1e-030 0.28571 1e-030 6.68311e-152 7.58482e-222 0.71429 
1e-030 1e-030 1e-030 1e-030 1e-030 1e-030 1e-030 1e-030 1e-030 1e-030 1e-030 1e-030 1e-030 1e-030 1e-030 1e-030 1e-030 0.285714 1e-030 1e-030 1e-030 1e-030 0.142857 0.571429 1e-030 1e-030 1e-030 1e-030 1e-030 1e-030 1.64596e-035 2.36783e-056 
1e-030 0.12069 1e-030 1e-030 1e-030 1e-030 1e-030 0.12069 1e-030 1e-030 1e-030 1e-030 1e-030 0.137931 0.0344828 1e-030 0.0344828 0.0517241 1e-030 1e-030 1e-030 1e-030 1e-030 9.12142e-119 1e-030 1e-030 1e-030 0.0517241 1e-030 0.0517241 0.327586 0.0689655 
1e-030 1e-030 1e-030 1e-030 1e-030 1e-030 1e-030 1e-030 1e-030 1e-030 1e-030 1e-030 1e-030 1e-030 1e-030 1e-030 1e-030 1e-030 1e-030 1e-030 1e-030 1e-030 1e-030 1e-030 1e-030 1e-030 1e-030 6.16725e-086 1e-030 1e-030 1 1e-030 
1e-030 1e-030 1e-030 1e-030 1e-030 1e-030 1e-030 1e-030 1e-030 1e-030 1e-030 1e-030 1e-030 1e-030 1e-030 1e-030 1e-030 1e-030 1e-030 1e-030 1e-030 1e-030 1e-030 1e-030 1e-030 1e-030 1e-030 1 1e-030 1e-030 2.34566e-096 3.67192e-088 
1e-030 1e-030 1e-030 1e-030 1e-030 1e-030 1e-030 1e-030 1e-030 1e-030 1e-030 1e-030 1e-030 1e-030 1e-030 1e-030 1e-030 1e-030 0.163041 1e-030 1e-030 1e-030 1e-030 7.52463e-098 1e-030 1e-030 1e-030 2.02813e-113 1e-030 1e-030 3.47931e-279 0.836959 
1e-030 1e-030 1e-030 1e-030 1e-030 1e-030 1e-030 1e-030 1e-030 1e-030 1e-030 1e-030 1e-030 1e-030 1e-030 1e-030 1e-030 1e-030 0.00433906 1e-030 0.333898 1e-030 0.166949 0.494814 1e-030 1e-030 1e-030 6.94021e-279 1e-030 1e-030 3.73589e-173 3.85463e-019 
1e-030 0.0149173 1e-030 0.0149173 1e-030 1e-030 1e-030 0.134256 1e-030 1e-030 1e-030 1e-030 1e-030 0.104421 0.044752 1e-030 0.0596693 0.0298347 1e-030 1e-030 3.94547e-253 1e-030 1e-030 0.0154565 0.0149173 1e-030 1e-030 1e-030 1e-030 1e-030 0.402768 0.164091 
1e-030 1e-030 1e-030 1e-030 1e-030 1e-030 1e-030 1e-030 1e-030 1e-030 1e-030 1e-030 1e-030 1e-030 1e-030 1e-030 1e-030 1e-030 1e-030 1e-030 1e-030 1e-030 1e-030 1 1e-030 1e-030 1e-030 2.42676e-251 1e-030 1e-030 1e-030 1.58614e-021 
1e-030 1e-030 1e-030 1e-030 1e-030 1e-030 1e-030 1e-030 1e-030 1e-030 1e-030 1e-030 1e-030 1e-030 1e-030 1e-030 1e-030 1e-030 1e-030 1e-030 4.07514e-071 1e-030 1e-030 0.0776006 1e-030 1e-030 1e-030 0.306546 1e-030 1e-030 1e-030 0.615854 
1e-030 1e-030 1e-030 1e-030 1e-030 1e-030 1e-030 1e-030 1e-030 1e-030 1e-030 1e-030 1e-030 1e-030 1e-030 1e-030 1e-030 2.72982e-228 1e-030 1e-030 0.394136 1e-030 1e-030 0.25582 1.36054e-012 1e-030 1e-030 0.350044 1e-030 1e-030 1e-030 7.0171e-042 
1e-030 1e-030 1e-030 1e-030 1e-030 7.38997e-307 1e-030 1e-030 1e-030 1e-030 1e-030 1e-030 1e-030 1e-030 7.24471e-148 1e-030 1e-030 0.260031 1e-030 1e-030 0.168816 1e-030 1e-030 0.311122 0.130015 1e-030 1e-030 1.18937e-086 1e-030 0.130015 7.8198e-018 2.0623e-240 
1e-030 0.047619 0.015873 0.031746 0.015873 0.0793651 1e-030 0.0793651 1e-030 1e-030 1e-030 1e-030 1e-030 0.047619 0.031746 1e-030 0.031746 0.15873 1e-030 1e-030 1.84336e-104 1e-030 1e-030 0.0634921 0.031746 1e-030 1e-030 0.047619 1e-030 9.48282e-038 0.222222 0.0952381 
1e-030 1e-030 1e-030 1e-030 1e-030 1e-030 1e-030 1e-030 1e-030 1e-030 1e-030 1e-030 1e-030 1e-030 1e-030 1e-030 1e-030 1e-030 1e-030 1e-030 1e-030 1e-030 1e-030 1e-030 1e-030 1e-030 1e-030 5.05366e-021 1e-030 1e-030 1e-030 1 
1e-030 1e-030 1e-030 1e-030 1e-030 1e-030 1e-030 1e-030 1e-030 1e-030 1e-030 1e-030 1e-030 1e-030 1e-030 1e-030 1e-030 1e-030 1e-030 1e-030 1e-030 1e-030 1e-030 4.84624e-141 1e-030 1e-030 1e-030 0.793798 1e-030 1e-030 6.17008e-009 0.206202 
1e-030 1e-030 1e-030 1e-030 1e-030 1e-030 1e-030 1e-030 1e-030 1e-030 1e-030 1e-030 1e-030 1e-030 1.39123e-274 1e-030 1e-030 1e-030 1e-030 1e-030 8.21929e-304 2.31282e-042 1e-030 0.490261 1e-030 1e-030 1e-030 0.127433 1e-030 0.127429 0.254858 1.89508e-005 
1e-030 1e-030 1e-030 1.99822e-156 1e-030 1e-030 1e-030 1.15976e-127 1e-030 1e-030 1e-030 1e-030 1e-030 6.85931e-214 0.134226 1e-030 2.67897e-098 1e-030 1e-030 1e-030 0.134226 0.268452 1e-030 0.0890304 0.105612 1e-030 1e-030 0.268452 1e-030 7.63999e-146 2.93959e-032 1.35943e-010 
1e-030 0.117248 1e-030 0.0502491 0.0167497 1e-030 1e-030 0.0502491 1e-030 1e-030 1e-030 1e-030 1e-030 0.0334994 0.150747 1e-030 0.0167497 0.0334994 1e-030 1e-030 5.28704e-037 1e-030 1e-030 0.0416965 0.0705695 1e-030 1e-030 0.0502491 1e-030 1e-030 0.251245 0.117248 
1e-030 1e-030 1e-030 1e-030 1e-030 1e-030 1e-030 1e-030 1e-030 1e-030 1e-030 1e-030 1e-030 1e-030 1e-030 1e-030 1e-030 1e-030 1e-030 1e-030 1e-030 1e-030 1e-030 1e-030 1e-030 1e-030 1e-030 1e-030 1e-030 1e-030 1e-030 1 
1e-030 1e-030 1e-030 1e-030 1e-030 1e-030 1e-030 1e-030 1e-030 1e-030 1e-030 1e-030 1e-030 1e-030 1e-030 1e-030 1e-030 1e-030 1e-030 1e-030 1 1e-030 1e-030 1e-030 1e-030 1e-030 1e-030 1e-030 1e-030 1e-030 1e-030 1e-030 
1e-030 1e-030 1e-030 1e-030 1e-030 1e-030 1e-030 1e-030 1e-030 1e-030 1e-030 1e-030 1e-030 1e-030 1e-030 1e-030 1e-030 0.1 1e-030 1e-030 0.1 1e-030 1e-030 0.8 1e-030 1e-030 1e-030 2.49983e-113 1e-030 1e-030 2.38747e-014 1e-030 
1e-030 6.37161e-181 1e-030 2.55732e-066 1e-030 1e-030 1e-030 2.07668e-005 1e-030 1e-030 1e-030 0.0940457 1e-030 0.0940457 3.61231e-095 1e-030 0.0940457 1e-030 0.0940457 1e-030 3.93198e-283 2.27819e-209 1e-030 1.10129e-012 1e-030 1e-030 1e-030 0.0940457 1e-030 1e-030 0.52975 1e-030 
1e-030 0.0481025 1e-030 0.0160342 1e-030 1e-030 1e-030 0.0641331 1e-030 1e-030 1e-030 1.58861e-041 1e-030 1.11189e-182 0.0641366 1e-030 3.70296e-240 0.0962049 1.30502e-211 1e-030 0.0160342 0.0160342 1e-030 0.0962049 0.0481025 1e-030 1e-030 0.144307 0.0160342 1e-030 0.278467 0.0962049 
1e-030 1e-030 1e-030 1e-030 1e-030 1e-030 1e-030 1e-030 1e-030 1e-030 1e-030 1e-030 1e-030 1e-030 1e-030 1e-030 1e-030 1e-030 1e-030 1e-030 1e-030 1e-030 1e-030 0.15195 1e-030 1e-030 1e-030 0.171766 1e-030 1e-030 1.34994e-083 0.676284 
1e-030 1e-030 1e-030 1e-030 1e-030 1e-030 1e-030 1e-030 1e-030 1e-030 1e-030 1e-030 1e-030 1e-030 1e-030 1e-030 1e-030 1e-030 1e-030 1e-030 1e-030 1e-030 1e-030 0.320218 1e-030 1e-030 1e-030 0.438125 1e-030 1e-030 0.21364 0.0280165 
1e-030 1e-030 1e-030 1e-030 1e-030 1e-030 1e-030 1e-030 1e-030 1e-030 1e-030 1e-030 1e-030 1e-030 1e-030 1e-030 1e-030 1e-030 1e-030 1e-030 1.03992e-023 1e-030 1e-030 8.66608e-269 1e-030 1e-030 1e-030 2.47046e-042 1.63477e-256 1e-030 0.471913 0.528087 
1e-030 1e-030 1e-030 1e-030 1e-030 1e-030 1e-030 6.85565e-224 1e-030 1e-030 1e-030 1e-030 1e-030 1e-030 3.64506e-252 1e-030 4.53683e-195 1e-030 0.111111 1e-030 0.333333 1e-030 0.111111 0.333333 1e-030 1e-030 1e-030 1.82886e-283 0.111111 1e-030 3.48632e-032 2.33021e-045 
1e-030 0.215686 1e-030 0.0392157 1e-030 1e-030 1e-030 0.0588235 1e-030 0.0196078 1e-030 1e-030 1e-030 0.0196078 0.0588235 1e-030 0.0980392 0.0392157 0.0392157 1e-030 1e-030 1e-030 5.48805e-288 8.06632e-088 0.0980392 1e-030 1e-030 0.0196078 1e-030 1e-030 0.27451 0.0196078 
1e-030 1e-030 1e-030 1e-030 1e-030 1e-030 1e-030 1e-030 1e-030 1e-030 1e-030 1e-030 1e-030 1e-030 1e-030 1e-030 1e-030 1e-030 1e-030 1e-030 1e-030 1e-030 1e-030 2.04009e-044 1e-030 1e-030 1e-030 0.0854458 1e-030 1e-030 0.152901 0.761653 
1e-030 1e-030 1e-030 1e-030 1e-030 1e-030 1e-030 1e-030 1e-030 1e-030 1e-030 1e-030 1e-030 1e-030 1e-030 1e-030 1e-030 1e-030 1e-030 1e-030 4.45977e-156 1e-030 1e-030 0.421732 1e-030 1e-030 1e-030 0.0868266 1e-030 1e-030 1e-030 0.491442 
1e-030 1e-030 1e-030 1e-030 1e-030 1e-030 1e-030 1e-030 1e-030 1e-030 1e-030 1e-030 1e-030 1e-030 1e-030 1e-030 1.1152e-307 1e-030 1e-030 1e-030 6.72068e-125 1e-030 1e-030 6.98746e-011 1e-030 1e-030 1e-030 1.88294e-102 1e-030 1e-030 1e-030 1 
1e-030 1e-030 1e-030 1e-030 1e-030 1e-030 1e-030 1e-030 1e-030 1e-030 1e-030 1e-030 1e-030 0.00158318 2.76872e-126 3.84493e-277 0.076205 1e-030 1e-030 1e-030 0.15241 1e-030 1e-030 0.60964 1e-030 1e-030 1e-030 0.076205 1e-030 1e-030 1e-030 0.0839564 
1e-030 0.186136 1e-030 0.0232671 1e-030 1e-030 1e-030 0.139602 1e-030 1e-030 1e-030 1e-030 1e-030 0.0693178 0.186136 0.0465341 1.33515e-032 1e-030 1e-030 1e-030 5.2462e-092 1e-030 1e-030 0.0232671 0.0232671 1e-030 1e-030 0.0232671 1e-030 1e-030 0.116335 0.162869 
1e-030 1e-030 1e-030 1e-030 1e-030 1e-030 1e-030 1e-030 1e-030 1e-030 1e-030 1e-030 1e-030 1e-030 1e-030 1e-030 1e-030 1e-030 1e-030 1e-030 1e-030 1e-030 1e-030 0.0336754 1e-030 1e-030 1e-030 4.33238e-141 1e-030 1e-030 0.0629612 0.903363 
1e-030 1e-030 1e-030 1e-030 1e-030 1e-030 1e-030 1e-030 1e-030 1e-030 1e-030 1e-030 1e-030 1e-030 1e-030 1e-030 1e-030 1e-030 1e-030 1e-030 7.98085e-098 1e-030 4.74813e-068 1.12579e-101 1e-030 1e-030 1e-030 0.688875 1e-030 1e-030 0.259557 0.0515675 
1e-030 1e-030 1e-030 1e-030 1e-030 1e-030 1e-030 1e-030 1e-030 1e-030 1e-030 1e-030 1e-030 1e-030 1e-030 1e-030 1e-030 1e-030 1e-030 1e-030 7.79528e-036 3.879e-248 2.14732e-006 1.41495e-065 1e-030 1e-030 1e-030 8.54877e-065 1e-030 1e-030 2.84897e-219 0.999998 
1e-030 1e-030 1e-030 1e-030 1e-030 1e-030 1e-030 1e-030 1e-030 1e-030 1e-030 1e-030 1e-030 1e-030 4.35737e-192 1e-030 2.40268e-010 1e-030 1e-030 1e-030 0.25 0.0833334 0.166666 0.500001 1e-030 1e-030 1e-030 1e-030 1e-030 1e-030 1e-030 1.24544e-112 
1e-030 0.212121 1e-030 0.0606061 1e-030 1e-030 1e-030 0.0909091 1e-030 1e-030 1e-030 1e-030 1e-030 0.0909091 0.0606061 1e-030 0.0909091 1e-030 0.030303 1e-030 4.93637e-097 1e-030 1e-030 1e-030 1e-030 1e-030 1e-030 0.030303 1e-030 1e-030 0.333333 1e-030 
1e-030 1e-030 1e-030 1e-030 1e-030 1e-030 1e-030 1e-030 1e-030 1e-030 1e-030 1e-030 1e-030 1e-030 1e-030 1e-030 1e-030 1e-030 1e-030 1e-030 1e-030 1e-030 1e-030 0.285708 1e-030 1e-030 1e-030 0.0476197 1e-030 1e-030 1.35271e-024 0.666673 
1e-030 1e-030 1e-030 1e-030 1e-030 1e-030 1e-030 1e-030 1e-030 1e-030 1e-030 1e-030 1e-030 1e-030 1e-030 1e-030 1e-030 3.3776e-186 1e-030 1e-030 1e-030 1e-030 1e-030 3.28862e-005 1e-030 1e-030 1e-030 6.48728e-036 1e-030 2.50909e-133 0.761882 0.238085 
1e-030 1e-030 1e-030 1e-030 1e-030 1e-030 1e-030 1e-030 1e-030 1e-030 1e-030 1e-030 1e-030 1e-030 1e-030 1e-030 1e-030 1.74909e-100 1e-030 1e-030 9.97002e-130 1e-030 1e-030 6.0076e-011 1e-030 1e-030 1e-030 4.68241e-260 1e-030 0.290808 0.000248921 0.708943 
1e-030 1e-030 1e-030 1e-030 1e-030 1e-030 1e-030 1e-030 1e-030 1.5824e-200 1e-030 1e-030 1e-030 6.04803e-010 1e-030 1e-030 0.0666667 0.133333 1e-030 1e-030 0.133333 1e-030 1e-030 0.666667 1e-030 1e-030 1e-030 1e-030 1e-030 4.80237e-012 1e-030 2.62397e-123 
1e-030 0.128205 1e-030 1e-030 1e-030 1e-030 1e-030 0.102564 1e-030 0.0512821 1e-030 1e-030 1e-030 0.128205 0.102564 1e-030 2.2439e-009 1.27813e-083 0.025641 1e-030 1e-030 1e-030 1e-030 0.0769231 0.102564 1e-030 1e-030 0.0512821 1e-030 1e-030 0.0769231 0.153846 
1e-030 1e-030 1e-030 1e-030 1e-030 1e-030 1e-030 1e-030 1e-030 1e-030 1e-030 1e-030 1e-030 1e-030 1e-030 1e-030 1e-030 1e-030 1e-030 1e-030 1e-030 1e-030 1e-030 0.507572 1e-030 1e-030 1e-030 1.51468e-100 1e-030 1e-030 0.133749 0.35868 
1e-030 1e-030 1e-030 1e-030 1e-030 1e-030 1e-030 1e-030 1e-030 1e-030 1e-030 1e-030 1e-030 1e-030 1e-030 1e-030 1e-030 1e-030 1e-030 1e-030 1e-030 1e-030 1e-030 4.75562e-155 1e-030 1e-030 1e-030 0.0523031 1e-030 1e-030 0.0494772 0.89822 
1e-030 1e-030 1e-030 1e-030 1e-030 1e-030 1e-030 1e-030 1e-030 1e-030 1e-030 1e-030 1e-030 1e-030 1e-030 1e-030 1e-030 1e-030 1e-030 1e-030 1e-030 1e-030 1e-030 2.14866e-232 1e-030 1e-030 1e-030 4.13209e-177 7.04686e-045 1e-030 1 4.59331e-077 
1e-030 1e-030 1e-030 1e-030 1e-030 1e-030 1e-030 1e-030 1e-030 1e-030 1e-030 1e-030 1e-030 8.12419e-299 1e-030 1.07575e-137 5.96473e-005 1e-030 1e-030 1e-030 0.0909037 1e-030 1e-030 0.636326 1e-030 1e-030 1e-030 1.76281e-062 0.0909037 1e-030 0.0909037 0.0909037 
1e-030 0.217394 1e-030 0.0869578 1e-030 0.0217394 1e-030 0.0434789 1e-030 1e-030 1e-030 1e-030 1e-030 0.0217394 0.0869578 0.0217394 0.0869435 0.0869578 1e-030 1e-030 1.51334e-053 1e-030 1e-030 1.24913e-111 1e-030 1e-030 1e-030 1e-030 1e-030 1e-030 0.326092 9.05722e-082 
1e-030 1e-030 1e-030 1e-030 1e-030 1e-030 1e-030 1e-030 1e-030 1e-030 1e-030 1e-030 1e-030 3.17978e-131 1e-030 1e-030 1e-030 1e-030 1e-030 1e-030 1e-030 1e-030 1e-030 0.263793 1e-030 1e-030 1e-030 0.0566313 1e-030 1e-030 1e-030 0.679576 
1e-030 1e-030 1e-030 1e-030 1e-030 1e-030 1e-030 1e-030 1e-030 1e-030 1e-030 1e-030 1e-030 3.61126e-071 1e-030 1e-030 1e-030 1.20853e-284 1e-030 1e-030 1.20853e-284 1e-030 1e-030 0.769687 1e-030 1e-030 1e-030 0.230312 1e-030 1e-030 1e-030 5.92897e-007 
1e-030 1e-030 1e-030 1e-030 1e-030 1e-030 1e-030 1e-030 1e-030 1e-030 1e-030 1e-030 1e-030 0.166667 1e-030 1e-030 1e-030 3.89579e-286 1e-030 1e-030 1e-030 1e-030 1e-030 5.13834e-020 1e-030 1e-030 1e-030 9.05723e-010 1e-030 1e-030 1e-030 0.833333 
1e-030 1e-030 1e-030 1e-030 1e-030 1e-030 1e-030 1e-030 1e-030 1e-030 1e-030 1e-030 1e-030 1.60614e-012 1e-030 1e-030 2.64743e-010 0.120571 1e-030 1e-030 0.0930159 1e-030 1e-030 0.651111 1e-030 1e-030 1e-030 1e-030 1e-030 1e-030 0.135302 1.60433e-257 
1e-030 0.10811 1e-030 0.043244 1e-030 0.043244 1e-030 0.043244 1e-030 1e-030 1e-030 1e-030 1e-030 0.0864881 0.10811 1e-030 0.043244 0.0584607 1e-030 1e-030 0.021622 1e-030 1e-030 1.88963e-040 0.021622 1e-030 1e-030 1e-030 1e-030 1e-030 0.422611 1e-030 
1e-030 1e-030 1e-030 1e-030 1e-030 1e-030 1e-030 1e-030 1e-030 1e-030 1e-030 1e-030 1e-030 1e-030 1e-030 7.43075e-321 2.72124e-263 1.99244e-112 1e-030 1e-030 1e-030 1e-030 1e-030 0.23033 1e-030 1e-030 2.85279e-234 0.046066 1e-030 1e-030 4.25536e-042 0.723604 
1e-030 1e-030 1e-030 1e-030 1e-030 1e-030 1e-030 1e-030 1e-030 1e-030 1e-030 1e-030 1e-030 1e-030 1e-030 5.82648e-291 1.34529e-233 7.76054e-112 1e-030 1e-030 1e-030 1e-030 1e-030 1.1655e-043 1e-030 1e-030 1.83169e-233 1.47624e-119 1e-030 1e-030 0.139938 0.860062 
1e-030 1e-030 1e-030 1e-030 1e-030 1e-030 1e-030 1e-030 1e-030 1e-030 1e-030 1e-030 1e-030 1e-030 1e-030 3.36191e-262 2.82596e-233 0.0620873 1.95294e-319 1e-030 1e-030 1e-030 1e-030 0.68296 1e-030 1e-030 1e-030 0.068691 1e-030 1e-030 7.72554e-020 0.186262 
1e-030 1e-030 1e-030 1e-030 1e-030 1e-030 1e-030 1e-030 1e-030 1e-030 1e-030 1e-030 1e-030 1e-030 1e-030 1.1182e-232 1e-030 8.84836e-273 1.32491e-289 1e-030 1e-030 1e-030 1e-030 1.69232e-035 1e-030 1e-030 1.04979e-118 0.99954 1e-030 1e-030 1e-030 0.000460429 
1e-030 0.200009 1e-030 1e-030 1e-030 1e-030 1e-030 0.0666696 1e-030 1e-030 1e-030 1e-030 1e-030 1e-030 0.100004 0.100004 0.0666696 1e-030 0.0333348 1e-030 1e-030 1e-030 1e-030 1e-030 1e-030 1e-030 0.0333348 5.36773e-099 1e-030 0.0333348 0.133339 0.233299 
1e-030 1e-030 1e-030 1e-030 1e-030 1e-030 1e-030 1e-030 1e-030 1e-030 1e-030 1e-030 1e-030 1e-030 1e-030 1e-030 1e-030 1e-030 1e-030 1e-030 5.47477e-314 1e-030 1e-030 0.333335 1e-030 1e-030 1e-030 1e-030 1e-030 1e-030 1.45487e-043 0.666665 
1e-030 1e-030 1e-030 1e-030 1e-030 1e-030 1e-030 1e-030 1e-030 1e-030 1e-030 1e-030 1e-030 1e-030 1e-030 1e-030 1e-030 1e-030 1e-030 1e-030 1.16971e-240 1e-030 1e-030 0.142856 1e-030 1e-030 1e-030 1e-030 1e-030 3.392e-270 0.857136 7.60288e-006 
1e-030 1e-030 1e-030 1e-030 1e-030 1e-030 1e-030 1e-030 1e-030 1e-030 1e-030 1e-030 1e-030 1e-030 1e-030 1e-030 1e-030 1e-030 1e-030 1e-030 0.455134 1e-030 1e-030 1.14795e-061 1e-030 1e-030 1e-030 1e-030 1e-030 0.272438 1.35719e-050 0.272428 
1e-030 1e-030 1e-030 1e-030 1e-030 1e-030 1e-030 1e-030 1e-030 1e-030 1e-030 1e-030 1e-030 1e-030 1e-030 1e-030 1e-030 7.50539e-248 1e-030 1e-030 0.189738 1e-030 1e-030 0.810262 1e-030 1e-030 1e-030 1e-030 1e-030 1.95428e-047 3.82212e-016 4.87544e-315 
1e-030 0.108826 1e-030 0.0155466 1e-030 0.0155466 1e-030 0.0932794 1e-030 1e-030 1e-030 1e-030 1e-030 0.0466397 0.0621863 1e-030 0.0932794 0.0310931 1e-030 1e-030 3.54978e-247 1e-030 1e-030 0.176032 0.0621863 1e-030 1e-030 0.0621863 1e-030 0.0155466 0.139919 0.0777328 
1e-030 1e-030 1e-030 1e-030 1e-030 1e-030 1e-030 1e-030 1e-030 1e-030 1e-030 1e-030 1e-030 1e-030 1e-030 1e-030 1e-030 1e-030 1e-030 1e-030 2.20334e-038 0.333333 1.29404e-247 0.666667 1e-030 1e-030 1e-030 1e-030 1e-030 1e-030 1e-030 1e-030 
1e-030 1e-030 1e-030 1e-030 1e-030 1e-030 1e-030 1e-030 1e-030 1e-030 1e-030 1e-030 1e-030 1e-030 1e-030 1e-030 1e-030 1e-030 1e-030 1e-030 1 1.03556e-010 2.34908e-227 3.16873e-012 1e-030 1e-030 1e-030 1e-030 1e-030 1e-030 2.90896e-319 1e-030 
1e-030 1e-030 1e-030 1e-030 1e-030 1e-030 1e-030 1e-030 1e-030 1.37171e-274 1e-030 1e-030 1e-030 3.35381e-245 1e-030 1e-030 1e-030 1e-030 4.10001e-216 1e-030 0.368122 1.38929e-145 0.105313 0.526565 1e-030 1e-030 1e-030 5.08049e-097 1e-030 1e-030 2.43444e-008 1e-030 
1e-030 1.26171e-096 1e-030 1e-030 1e-030 1e-030 1e-030 1e-030 1e-030 0.25 1e-030 1e-030 1e-030 0.125 1e-030 4.05917e-011 1e-030 1e-030 0.125 1e-030 0.25 1e-030 3.07087e-163 2.71811e-009 1e-030 1e-030 1e-030 0.125 1e-030 1e-030 0.125 1e-030 
1e-030 0.15873 1e-030 0.031746 1e-030 0.015873 1e-030 0.0634921 1e-030 1.67142e-012 1e-030 1e-030 1e-030 0.015873 0.015873 0.015873 0.031746 0.015873 3.44267e-128 1e-030 1.06062e-262 1e-030 0.015873 0.190476 0.0634921 1e-030 1e-030 0.0634921 1e-030 0.015873 0.111111 0.174603 
1e-030 1e-030 1e-030 1e-030 1e-030 1e-030 1e-030 1e-030 1e-030 1e-030 1e-030 1e-030 1e-030 1e-030 1e-030 1e-030 1e-030 2.23871e-216 0.0759588 1e-030 1e-030 1e-030 1e-030 0.000311109 2.23871e-216 1e-030 1e-030 0.151636 1e-030 1e-030 1.82227e-087 0.772094 
1e-030 1e-030 1e-030 1e-030 1e-030 1e-030 1e-030 1e-030 1e-030 1e-030 1e-030 1e-030 1e-030 1e-030 1e-030 1e-030 1e-030 3.27553e-125 7.68378e-049 1e-030 1e-030 1e-030 1e-030 0.36399 3.11046e-238 1e-030 1e-030 0.10325 1e-030 1e-030 3.78068e-008 0.53276 
1e-030 1e-030 1e-030 1e-030 1e-030 1e-030 1e-030 1e-030 1e-030 1e-030 1e-030 1e-030 1e-030 1e-030 1e-030 1e-030 1e-030 0.00110039 2.83033e-061 1e-030 6.08163e-074 1e-030 1e-030 0.442338 1.38297e-011 1e-030 1e-030 0.24617 1e-030 1e-030 0.127845 0.182547 
1e-030 1e-030 1e-030 1e-030 1e-030 1e-030 1e-030 1e-030 1e-030 1e-030 1e-030 1e-030 1e-030 1.21832e-038 1e-030 0.000275915 0.266832 0.0655618 1e-030 1e-030 0.066708 1e-030 1e-030 0.33354 0.066708 1e-030 1e-030 0.200123 1e-030 1e-030 0.000251019 5.45213e-016 
1e-030 0.16669 1e-030 1e-030 1e-030 0.0333379 1e-030 0.133352 1e-030 1e-030 1e-030 1e-030 1e-030 0.0666758 0.0333379 0.0665379 1.35697e-026 0.0333379 1e-030 1e-030 2.12524e-244 1e-030 1e-030 6.9782e-284 0.0333379 1e-030 1e-030 3.3562e-007 1e-030 1e-030 0.433393 1e-030 
1e-030 1e-030 1e-030 1e-030 1e-030 1e-030 1e-030 1e-030 1e-030 1e-030 1e-030 1e-030 1e-030 1e-030 1e-030 1e-030 1e-030 1e-030 1e-030 1e-030 1e-030 1e-030 1e-030 3.85011e-009 1e-030 1e-030 1e-030 0.161736 1e-030 1e-030 0.168732 0.669532 
1e-030 1e-030 1e-030 1e-030 1e-030 1e-030 1e-030 1e-030 1e-030 1e-030 1e-030 1e-030 1e-030 1e-030 1e-030 1e-030 1e-030 1e-030 1e-030 1e-030 1.38233e-185 1e-030 1e-030 0.585572 1e-030 1e-030 1e-030 0.058713 1e-030 1e-030 2.51736e-012 0.355715 
1e-030 1e-030 1e-030 1e-030 1e-030 1e-030 1e-030 1e-030 1e-030 1e-030 1e-030 1e-030 1e-030 1e-030 1e-030 1e-030 1e-030 1e-030 1e-030 1e-030 1.76756e-012 1e-030 1e-030 0.626735 3.08862e-150 1e-030 1e-030 0.184925 1e-030 1e-030 0.179566 0.00877324 
1e-030 1e-030 1e-030 1e-030 1e-030 5.9385e-216 1e-030 1e-030 1e-030 1e-030 1e-030 1e-030 1e-030 2.0469e-070 5.15852e-012 2.18848e-244 0.0358234 1e-030 1e-030 1e-030 0.188082 1e-030 1e-030 0.211648 0.282121 1e-030 1e-030 0.000215331 1e-030 0.0940275 0.0940413 0.0940412 
1e-030 0.123094 1e-030 0.0492378 1e-030 0.0492378 1e-030 0.0984755 1e-030 1e-030 1e-030 1e-030 1e-030 0.123094 0.0984755 0.0246189 0.0398596 0.0984755 1e-030 1e-030 2.01515e-295 1e-030 1e-030 1.29238e-035 0.0492383 1e-030 1e-030 1e-030 1e-030 3.57496e-006 0.22157 0.0246189 
1e-030 1e-030 1e-030 1e-030 1e-030 1e-030 1e-030 1e-030 1e-030 1e-030 1e-030 1e-030 1e-030 1e-030 1e-030 1e-030 1e-030 1e-030 1e-030 1e-030 1e-030 1e-030 1e-030 0.333333 1e-030 1e-030 1e-030 7.92596e-212 1e-030 1e-030 1.44666e-121 0.666667 
1e-030 1e-030 1e-030 1e-030 1e-030 1e-030 1e-030 1e-030 1e-030 1e-030 1e-030 1e-030 1e-030 1e-030 1e-030 1e-030 1e-030 1e-030 1e-030 1e-030 1e-030 1e-030 1e-030 9.44816e-115 1e-030 1e-030 1e-030 2.16998e-120 1e-030 1e-030 1 1.24893e-090 
1e-030 1e-030 1e-030 1e-030 1e-030 1e-030 1e-030 1e-030 1e-030 1e-030 1e-030 1e-030 1e-030 1e-030 1e-030 1e-030 1e-030 1e-030 1e-030 1e-030 1.21085e-113 1e-030 1e-030 0.679196 1e-030 1.82745e-084 1e-030 0.320793 1e-030 1e-030 1e-030 1.08317e-005 
1e-030 1e-030 1e-030 1e-030 1e-030 1e-030 1e-030 1e-030 1e-030 1e-030 1e-030 1e-030 1e-030 6.53227e-007 1e-030 1e-030 1.4676e-280 0.127871 1e-030 1e-030 0.14855 1e-030 0.0742749 0.323359 1e-030 0.0742749 1e-030 0.103129 1e-030 1e-030 0.0742749 0.0742658 
1e-030 0.248428 1e-030 0.0451687 1e-030 0.0451687 1e-030 0.0903375 1e-030 1e-030 1e-030 1e-030 1e-030 0.0677529 0.0677531 1e-030 0.0225844 0.0288721 0.0677531 1e-030 1e-030 1e-030 1e-030 3.23786e-190 0.0225844 1e-030 1e-030 1.35127e-035 1e-030 0.0225844 0.271012 1e-030 
1e-030 1e-030 1e-030 1e-030 1e-030 1e-030 1e-030 1e-030 1e-030 1e-030 1e-030 1e-030 1e-030 1e-030 1e-030 1e-030 1e-030 1e-030 1e-030 1e-030 1e-030 1e-030 1e-030 0.487473 1e-030 1e-030 1e-030 1.34705e-046 1e-030 1e-030 1.12e-278 0.512527 
1e-030 1e-030 1e-030 1e-030 1e-030 1e-030 1e-030 1e-030 1e-030 1e-030 1e-030 1e-030 1e-030 1e-030 3.45846e-323 1e-030 1e-030 6.91692e-323 1e-030 1e-030 1e-030 1e-030 1e-030 0.327434 1e-030 1e-030 1e-030 0.0780619 1e-030 3.65018e-226 0.093058 0.501446 
1e-030 1e-030 1e-030 1e-030 1e-030 1e-030 1e-030 1e-030 1e-030 1e-030 1e-030 1e-030 1e-030 1e-030 1.7357e-021 1e-030 1e-030 2.33867e-202 1e-030 1e-030 1e-030 1e-030 1e-030 3.47227e-016 1e-030 1e-030 1e-030 0.433035 1e-030 0.219113 0.347852 9.51918e-279 
1e-030 1e-030 1e-030 1e-030 1e-030 1e-030 1e-030 1e-030 1e-030 1e-030 1e-030 1e-030 1e-030 1.00361e-024 0.0833333 1e-030 1e-030 0.25 0.0833333 1e-030 0.25 1e-030 1e-030 0.25 1e-030 1e-030 1e-030 7.67578e-218 1e-030 2.97103e-013 0.0833333 1e-030 
1e-030 0.0869565 1e-030 0.130435 1e-030 0.0434783 1e-030 0.130435 1e-030 0.0434783 1e-030 1e-030 1e-030 0.26087 1e-030 1e-030 1e-030 1e-030 5.21596e-011 1e-030 1.57666e-176 1e-030 1e-030 1e-030 0.0434783 1e-030 1e-030 1e-030 1e-030 1e-030 0.217391 0.0434783 
1e-030 1e-030 1e-030 1e-030 1e-030 1e-030 1e-030 1e-030 1e-030 1e-030 1e-030 1e-030 1e-030 1.57557e-272 1e-030 1e-030 1e-030 1.59292e-099 4.17789e-243 1e-030 1e-030 1e-030 1e-030 0.0915626 1.08012e-137 1e-030 1e-030 0.146087 1e-030 1e-030 0.0741177 0.688233 
1e-030 1e-030 1e-030 1e-030 1e-030 1e-030 1e-030 1e-030 1e-030 1e-030 1e-030 1e-030 1e-030 5.72819e-243 1e-030 1e-030 1e-030 3.36909e-062 7.50591e-214 1e-030 1e-030 1e-030 1e-030 0.416653 1e-030 1e-030 1e-030 0.0014559 1e-030 1e-030 8.42751e-009 0.581891 
1e-030 1e-030 1e-030 1e-030 1e-030 1e-030 1e-030 1e-030 1e-030 1e-030 1e-030 1e-030 1e-030 7.70041e-214 1e-030 1e-030 1e-030 8.31149e-005 2.27078e-210 1e-030 1e-030 1e-030 1e-030 0.632771 8.5713e-036 1e-030 1e-030 8.81423e-018 1e-030 1e-030 0.0515249 0.315621 
1e-030 1e-030 1e-030 1e-030 1e-030 1e-030 1e-030 1e-030 1e-030 1e-030 1e-030 1e-030 1e-030 1.48843e-028 1e-030 1e-030 1e-030 0.125644 1.28811e-005 1e-030 1e-030 1e-030 1e-030 0.149132 0.125846 1e-030 1e-030 1.99314e-195 1e-030 1e-030 0.599323 4.17736e-005 
1e-030 0.206292 1e-030 1e-030 1e-030 0.0825169 0.0412585 0.0825169 1e-030 0.0825169 1e-030 1e-030 1e-030 0.247551 1e-030 0.0412585 0.0412585 2.9386e-026 0.0412542 1e-030 1e-030 1e-030 1e-030 0.0412585 2.34579e-007 1e-030 1e-030 1e-030 1e-030 1e-030 0.0923177 7.14489e-079 
1e-030 1e-030 1e-030 1e-030 1e-030 1e-030 1e-030 1e-030 1e-030 1e-030 1e-030 1e-030 1e-030 2.26985e-316 1e-030 1e-030 7.75442e-183 6.88988e-183 1e-030 1e-030 2.03307e-184 1e-030 6.97903e-183 0.194863 1e-030 1e-030 1e-030 0.207169 1e-030 1e-030 0.149239 0.448729 
1e-030 1e-030 1e-030 1e-030 1e-030 1e-030 1e-030 1e-030 1e-030 1e-030 1e-030 1e-030 1e-030 4.67816e-241 1e-030 1e-030 5.73741e-179 1.14753e-178 1e-030 1e-030 2.83561e-179 1e-030 1.14753e-178 0.278354 1e-030 1e-030 1e-030 0.110146 1e-030 1e-030 0.0484528 0.563047 
1e-030 1e-030 1e-030 1e-030 1e-030 1e-030 1e-030 1e-030 1e-030 1e-030 1e-030 1e-030 1e-030 4.39235e-239 1e-030 1e-030 9.58957e-045 1e-030 1e-030 1e-030 6.1002e-179 1e-030 1.05388e-260 0.410536 1e-030 1e-030 1e-030 2.59959e-047 1e-030 1e-030 0.0620463 0.527418 
1e-030 1e-030 1e-030 1e-030 1e-030 1.79737e-268 1e-030 1e-030 1e-030 1e-030 1e-030 1e-030 1e-030 2.09297e-240 1e-030 1e-030 0.100571 0.201141 1e-030 1e-030 0.100571 1e-030 0.201141 0.396576 1e-030 1e-030 1e-030 1e-030 1e-030 1e-030 1.6956e-016 2.25269e-044 
1e-030 1e-030 1e-030 1e-030 1e-030 0.166667 1e-030 1e-030 1e-030 0.166667 1e-030 1e-030 1e-030 0.166667 1e-030 1e-030 0.166667 1e-030 0.0833333 1e-030 2.24661e-286 1e-030 1.24182e-315 4.80221e-024 1e-030 1e-030 1e-030 1e-030 1e-030 1e-030 0.25 1e-030 
1e-030 1e-030 1e-030 1e-030 1e-030 1e-030 1e-030 1e-030 1e-030 1e-030 1e-030 1e-030 1e-030 1e-030 1e-030 1e-030 3.10967e-268 1e-030 1e-030 1e-030 1e-030 1e-030 1e-030 0.258219 1e-030 1e-030 1e-030 2.11074e-030 1e-030 3.10967e-268 3.15094e-146 0.741781 
1e-030 1e-030 1e-030 1e-030 1e-030 1e-030 1e-030 1e-030 1e-030 1e-030 1e-030 1e-030 1e-030 1e-030 1e-030 1e-030 1e-030 1e-030 1e-030 1e-030 1e-030 1e-030 1e-030 0.0336767 1e-030 1e-030 1e-030 0.245598 1e-030 1e-030 3.31718e-080 0.720725 
1e-030 1e-030 1e-030 1e-030 1e-030 1e-030 1e-030 1e-030 1e-030 1e-030 1e-030 1e-030 1e-030 1e-030 1e-030 1e-030 1.71921e-035 1e-030 1e-030 1e-030 1e-030 1e-030 1e-030 0.146237 1e-030 1e-030 1e-030 1.90805e-102 1e-030 0.173184 0.453193 0.227385 
1e-030 1e-030 1e-030 1e-030 1e-030 1e-030 1e-030 1e-030 1e-030 1e-030 1e-030 1e-030 1e-030 6.17881e-270 1e-030 0.0379029 0.151612 0.0758059 4.08112e-016 1e-030 0.0758059 1e-030 0.0379029 0.113709 1e-030 1e-030 1e-030 0.113709 1e-030 3.59197e-034 0.241941 0.151612 
1e-030 1e-030 0.0333333 0.133333 1e-030 0.0333333 1e-030 0.0333333 1e-030 1e-030 1e-030 1e-030 1e-030 0.2 0.0666667 1e-030 1e-030 0.0333333 0.0666667 1e-030 4.23392e-252 1e-030 1.06309e-098 0.0333333 1e-030 1e-030 1e-030 4.53205e-024 1e-030 1e-030 0.333333 0.0333333 
1e-030 1e-030 1e-030 1e-030 1e-030 1e-030 1e-030 1e-030 1e-030 1e-030 1e-030 1e-030 1e-030 5.08498e-284 1e-030 1e-030 1e-030 1e-030 2.73848e-284 1e-030 6.72144e-161 1e-030 3.91243e-161 0.300047 1e-030 1e-030 1e-030 8.75936e-011 1e-030 1.16503e-160 0.0401893 0.659764 
1e-030 1e-030 1e-030 1e-030 1e-030 1e-030 1e-030 1e-030 1e-030 1e-030 1e-030 1e-030 1e-030 7.38759e-276 1e-030 1e-030 1e-030 1e-030 3.50319e-250 1e-030 2.62499e-161 1e-030 3.02767e-161 0.187034 1e-030 1e-030 1e-030 0.154968 1e-030 2.75998e-239 0.0819079 0.57609 
1e-030 1e-030 1e-030 1e-030 1e-030 1e-030 1e-030 1e-030 1e-030 1e-030 1e-030 1e-030 1e-030 3.60768e-249 1e-030 1e-030 1e-030 1e-030 8.43601e-220 1e-030 6.61534e-243 1e-030 5.98465e-161 0.84581 1e-030 1e-030 1e-030 3.39408e-014 1e-030 1.26761e-068 7.32183e-009 0.15419 
1e-030 1e-030 1e-030 1e-030 1e-030 1e-030 1e-030 1e-030 1e-030 1e-030 1e-030 1e-030 1e-030 5.149e-220 1e-030 1e-030 1e-030 1e-030 1.15245e-207 1e-030 0.0862905 1e-030 0.0862905 0.309676 1e-030 1e-030 1e-030 0.172581 1e-030 0.0862905 0.258871 7.8991e-012 
1e-030 1e-030 1e-030 1e-030 1e-030 1e-030 1e-030 1e-030 1e-030 1e-030 1e-030 1e-030 1e-030 0.428571 1e-030 1e-030 1e-030 1e-030 0.142857 1e-030 1e-030 1e-030 1e-030 2.81116e-009 1e-030 1e-030 1e-030 0.142857 1e-030 1e-030 1.90893e-201 0.285714 
1e-030 1e-030 1e-030 1e-030 1e-030 1e-030 1e-030 4.53691e-269 1e-030 1e-030 1e-030 1e-030 1e-030 1e-030 1e-030 1e-030 1e-030 1e-030 2.92479e-241 1e-030 1e-030 1e-030 1e-030 0.695652 1e-030 1e-030 1e-030 1.52752e-091 1e-030 1e-030 0.0434783 0.26087 
1e-030 1e-030 1e-030 1e-030 1e-030 1e-030 1e-030 5.1217e-240 1e-030 1e-030 1e-030 1e-030 1e-030 1e-030 1e-030 1e-030 1e-030 1e-030 1.7582e-240 1e-030 1e-030 1e-030 1e-030 1.36805e-029 1e-030 1e-030 1e-030 1 1e-030 1e-030 5.69631e-256 6.77728e-023 
1e-030 1e-030 1e-030 1e-030 1e-030 1e-030 1e-030 2.92519e-142 1e-030 1e-030 1e-030 1e-030 1e-030 2.35129e-261 1e-030 1e-030 8.46494e-232 8.46494e-232 1.02869e-039 1e-030 1e-030 1e-030 1e-030 0.423077 1e-030 1e-030 1e-030 4.54743e-093 1e-030 1e-030 0.0384615 0.538462 
1e-030 1e-030 1e-030 1e-030 1e-030 1e-030 1e-030 0.124986 1e-030 1e-030 1e-030 1e-030 1e-030 2.75081e-231 1e-030 1e-030 1e-030 1.61028e-176 0.124986 1e-030 1e-030 1e-030 1e-030 0.749919 1e-030 1e-030 1e-030 1e-030 1e-030 1e-030 0.000108253 1.79889e-057 
1e-030 0.153851 1e-030 1e-030 1e-030 1e-030 1e-030 0.0769256 1e-030 1e-030 1e-030 1e-030 1e-030 0.346165 0.0384628 1e-030 0.0384628 0.153851 1e-030 1e-030 1e-030 1e-030 1e-030 9.54411e-105 0.0384628 1e-030 1e-030 1e-030 1e-030 0.0384628 0.115355 1e-030 
1e-030 1e-030 1e-030 1e-030 1e-030 1e-030 1e-030 1e-030 1e-030 1e-030 1e-030 1e-030 1e-030 1e-030 1e-030 1e-030 1e-030 1e-030 1e-030 1e-030 1e-030 1e-030 1e-030 0.467098 1e-030 1e-030 1e-030 0.0984847 1e-030 1e-030 0.434417 1.12442e-011 
1e-030 1e-030 1e-030 1e-030 1e-030 1e-030 1e-030 1e-030 1e-030 1e-030 1e-030 1e-030 1e-030 1e-030 1e-030 1e-030 1e-030 1e-030 1e-030 1e-030 1e-030 1e-030 1e-030 2.64539e-006 1e-030 1e-030 1e-030 0.116921 1e-030 1e-030 0.0694274 0.813649 
1e-030 1e-030 1e-030 1e-030 1e-030 1e-030 1e-030 1e-030 1e-030 1e-030 1e-030 1e-030 1e-030 1e-030 1e-030 1e-030 1e-030 1e-030 5.2022e-165 1e-030 5.677e-007 1e-030 1e-030 0.537482 1e-030 1e-030 1e-030 6.40528e-005 1e-030 1e-030 0.154139 0.308315 
1e-030 1e-030 1e-030 1e-030 1e-030 1.28083e-054 1e-030 1e-030 1e-030 6.22791e-230 1e-030 1e-030 1e-030 0.00133661 1e-030 1e-030 1e-030 1e-030 0.0865366 1e-030 0.259644 1e-030 1e-030 0.652483 1e-030 1e-030 1.53517e-258 1e-030 1e-030 1e-030 1.61509e-007 1.81093e-073 
1e-030 0.222348 1e-030 1e-030 1e-030 0.0741161 1e-030 0.18529 1e-030 0.037058 1e-030 1e-030 1e-030 0.0735438 1e-030 0.037058 1e-030 1e-030 4.99283e-006 1e-030 3.98243e-038 1e-030 1e-030 1e-030 1e-030 1e-030 0.037058 0.037058 1e-030 1e-030 0.037058 0.259406 
1e-030 1e-030 1e-030 1e-030 1e-030 1e-030 1e-030 1e-030 1e-030 1e-030 1e-030 1e-030 1e-030 1e-030 1e-030 1e-030 1e-030 1e-030 1e-030 1e-030 1e-030 1e-030 1e-030 0.20606 1e-030 1e-030 1e-030 0.175305 1e-030 8.79677e-041 0.0584349 0.5602 
1e-030 1e-030 1e-030 1e-030 1e-030 1e-030 1e-030 1e-030 1e-030 1e-030 1e-030 1e-030 1e-030 1e-030 1e-030 1e-030 1e-030 1e-030 1e-030 1e-030 1e-030 1e-030 4.84591e-155 0.334233 1e-030 1e-030 1e-030 0.104225 1e-030 0.104224 7.65682e-007 0.457317 
1e-030 1e-030 1e-030 1e-030 1e-030 1e-030 1e-030 1e-030 1e-030 1e-030 1e-030 1e-030 1e-030 1e-030 1e-030 1e-030 6.35102e-084 1e-030 1e-030 1e-030 1e-030 1e-030 4.9613e-055 0.452219 1.11346e-189 1e-030 1e-030 6.06479e-037 1e-030 7.47625e-165 0.0772883 0.470493 
1e-030 1e-030 1e-030 1e-030 1e-030 1e-030 1e-030 1e-030 1e-030 1e-030 1e-030 1e-030 1e-030 2.60559e-232 4.40487e-261 1e-030 0.0820247 1e-030 1.94019e-104 1e-030 1e-030 1e-030 0.0820247 0.389392 0.246074 1e-030 1e-030 6.10592e-006 1e-030 1e-030 0.200479 1.41213e-046 
1e-030 0.108601 1e-030 0.0543003 1e-030 1e-030 1e-030 0.0543003 1e-030 0.108601 1e-030 1e-030 1e-030 0.217201 0.0543003 0.0543003 0.0543003 1e-030 0.108601 1e-030 1e-030 1e-030 1e-030 1.00662e-055 1.41513e-138 1e-030 1e-030 0.0542963 1e-030 1e-030 0.131198 1e-030 
1e-030 1e-030 1e-030 1e-030 1e-030 1e-030 1e-030 1e-030 1e-030 1e-030 1e-030 1e-030 1e-030 1e-030 1e-030 1e-030 1e-030 1e-030 1e-030 1e-030 1.37882e-066 1e-030 1e-030 0.263134 1e-030 1e-030 1e-030 0.0794079 1e-030 1e-030 0.0320113 0.625447 
1e-030 1e-030 1e-030 1e-030 1e-030 1e-030 1e-030 1e-030 1e-030 1e-030 1e-030 1e-030 1e-030 1e-030 1e-030 1e-030 1e-030 1e-030 1e-030 1e-030 1.61609e-021 1e-030 1e-030 0.323057 1e-030 1e-030 1e-030 0.123743 1e-030 1e-030 0.00835427 0.544846 
1e-030 1e-030 1e-030 1e-030 1e-030 1e-030 1e-030 1e-030 1e-030 1e-030 1e-030 1e-030 1e-030 1e-030 1e-030 1e-030 2.83038e-226 1e-030 1e-030 1e-030 0.250353 1e-030 1e-030 0.0114161 1e-030 1e-030 1e-030 3.68924e-016 1e-030 1e-030 3.43839e-068 0.73823 
1e-030 1e-030 1e-030 1e-030 1e-030 1e-030 1e-030 1e-030 1e-030 1e-030 1e-030 1e-030 1e-030 1.45877e-199 1e-030 1e-030 1.40269e-032 1e-030 1e-030 1e-030 0.00649372 1e-030 1e-030 0.993406 1e-030 1e-030 1e-030 1.99579e-130 1e-030 1e-030 9.9872e-005 1.90623e-015 
1e-030 0.0303036 1e-030 1e-030 1e-030 0.0909107 1e-030 0.0606072 1e-030 1e-030 1e-030 1e-030 1e-030 0.212125 1e-030 1e-030 0.121214 1e-030 1e-030 1e-030 0.0606072 1e-030 1e-030 4.32873e-015 1e-030 1e-030 1e-030 0.0303036 1e-030 1e-030 0.333321 0.0606072 
1e-030 1e-030 1e-030 1e-030 1e-030 1e-030 1e-030 1e-030 1e-030 1e-030 1e-030 1e-030 1e-030 1e-030 1e-030 1e-030 1e-030 1e-030 1e-030 1e-030 1e-030 1e-030 1e-030 0.474116 1e-030 1e-030 1e-030 0.112699 1e-030 1e-030 0.0573217 0.355862 
1e-030 1e-030 1e-030 1e-030 1e-030 1e-030 1e-030 1e-030 1e-030 1e-030 1e-030 1e-030 1e-030 1e-030 1e-030 1e-030 1e-030 9.17216e-252 1e-030 1e-030 1e-030 1e-030 1e-030 0.223855 1e-030 1e-030 1e-030 2.49914e-018 1e-030 1e-030 0.0978285 0.678316 
1e-030 1e-030 1e-030 1e-030 1e-030 1e-030 1e-030 1e-030 1e-030 1e-030 1e-030 1e-030 1e-030 1e-030 1e-030 1e-030 1e-030 9.20156e-054 1e-030 1e-030 1e-030 1e-030 1e-030 0.775057 1e-030 1e-030 1e-030 2.61551e-287 1e-030 1e-030 2.44273e-006 0.22494 
1e-030 1e-030 1e-030 1e-030 1e-030 1e-030 1e-030 1e-030 1e-030 1.18676e-157 1e-030 1e-030 1e-030 9.78215e-034 1e-030 1e-030 1e-030 0.333329 0.0833321 1e-030 1e-030 1e-030 1e-030 0.5 1e-030 1e-030 1e-030 0.0833321 1e-030 1e-030 1.52544e-248 6.61918e-006 
1e-030 0.142857 1e-030 0.0357143 1e-030 0.0357143 1e-030 0.0714286 1e-030 0.0714286 1e-030 1e-030 1e-030 0.178571 0.0714286 1e-030 1e-030 1e-030 9.50712e-011 1e-030 1e-030 1e-030 1e-030 6.36477e-051 1e-030 1e-030 1e-030 0.0357143 1e-030 1e-030 0.357143 1e-030 
1e-030 1e-030 1e-030 1e-030 1e-030 1e-030 1e-030 1e-030 1e-030 1e-030 1e-030 1e-030 1e-030 1e-030 1e-030 1e-030 1e-030 1e-030 1e-030 1e-030 1e-030 1e-030 1e-030 8.16148e-030 1e-030 1e-030 1e-030 0.125404 1e-030 1e-030 0.18338 0.691216 
1e-030 1e-030 1e-030 1e-030 1e-030 1e-030 1e-030 1e-030 1e-030 1e-030 1e-030 1e-030 1e-030 1e-030 1e-030 1e-030 1e-030 1e-030 7.02321e-131 1e-030 1e-030 1e-030 1e-030 0.420236 1e-030 1e-030 1e-030 0.201545 1e-030 1e-030 0.0933909 0.284828 
1e-030 1e-030 1e-030 1e-030 1e-030 1e-030 1e-030 1e-030 1e-030 1e-030 1e-030 1e-030 1e-030 1e-030 1e-030 1e-030 1e-030 1e-030 0.408939 1e-030 1e-030 1e-030 1e-030 0.000886954 1.5833e-054 1e-030 1e-030 1.34224e-120 1e-030 1e-030 1.303e-182 0.590174 
1e-030 1e-030 1e-030 1e-030 1e-030 1e-030 1e-030 1e-030 1e-030 1e-030 1e-030 1e-030 1e-030 2.16365e-005 1e-030 2.27692e-108 1e-030 0.0703462 0.0855636 1e-030 1e-030 1e-030 1e-030 0.351645 0.140692 0.0703462 1e-030 0.0703462 1e-030 0.0703462 0.140692 9.08903e-060 
1e-030 0.190478 1e-030 0.0714291 1e-030 0.0238097 1e-030 0.0238097 1e-030 1e-030 1e-030 1e-030 1e-030 0.0714218 0.0238097 0.0714291 0.0476194 0.0476194 1.21734e-012 1e-030 1e-030 1e-030 1e-030 1e-030 0.0476194 1e-030 1e-030 0.0476194 1e-030 9.04107e-223 0.285716 0.0476194 
1e-030 1e-030 1e-030 1e-030 1e-030 1e-030 1e-030 1e-030 1e-030 1e-030 1e-030 1e-030 1e-030 1e-030 1e-030 1e-030 1e-030 1e-030 1e-030 1e-030 1e-030 1e-030 1e-030 9.95534e-028 1e-030 1e-030 1e-030 0.316414 1e-030 1e-030 3.91903e-303 0.683586 
1e-030 1e-030 1e-030 1e-030 1e-030 1e-030 1e-030 1e-030 1e-030 1e-030 1e-030 1e-030 1e-030 1e-030 1e-030 1e-030 1e-030 1e-030 1e-030 1e-030 1e-030 1e-030 1e-030 0.439563 1e-030 3.59674e-206 1e-030 2.1569e-007 1e-030 1e-030 0.0549581 0.505479 
1e-030 1e-030 1e-030 1e-030 1e-030 1e-030 1e-030 1e-030 1e-030 1e-030 1e-030 1e-030 1e-030 1e-030 1e-030 1e-030 1e-030 1e-030 1e-030 1.40893e-186 1e-030 1.54079e-157 1e-030 0.193922 1e-030 1.78487e-025 1e-030 0.0968695 1e-030 1e-030 0.581219 0.127989 
1e-030 1e-030 1e-030 1e-030 1e-030 5.5139e-131 1e-030 1e-030 1e-030 1.40609e-006 1e-030 1e-030 1e-030 0.111111 1e-030 1e-030 1e-030 1e-030 0.222222 0.111111 1e-030 0.111111 1e-030 0.333333 1e-030 0.111111 1e-030 1e-030 1e-030 1e-030 5.20831e-008 7.22174e-316 
1e-030 0.210526 0.0263158 0.0263158 1e-030 0.0789474 1e-030 0.0526316 1e-030 0.0789471 1e-030 1e-030 1e-030 1.19279e-010 0.0263158 1e-030 1e-030 1e-030 0.0526316 7.85404e-136 1e-030 9.86434e-289 1e-030 1e-030 0.0526316 1e-030 1e-030 1e-030 1e-030 1e-030 0.184211 0.210526 
