1e-030 1e-030 1e-030 1e-030 1e-030 1e-030 1e-030 1e-030 1e-030 1e-030 1e-030 1e-030 1e-030 1e-030 1e-030 1e-030 1e-030 1e-030 1e-030 1e-030 1e-030 5.90698e-007 1e-030 0.999999 1e-030 1e-030 1e-030 3.52278e-033 1e-030 1e-030 4.69865e-207 1e-030 
1e-030 1e-030 1e-030 1e-030 1e-030 1e-030 1e-030 1e-030 1e-030 1e-030 1e-030 1e-030 1e-030 1e-030 1.38263e-286 1e-030 1e-030 1e-030 1e-030 1e-030 1e-030 0.270557 1e-030 0.729443 1e-030 1e-030 1e-030 3.9906e-007 1e-030 1e-030 3.60048e-042 1.24385e-222 
1e-030 1e-030 1e-030 1e-030 1e-030 1e-030 1e-030 1e-030 1e-030 1e-030 1e-030 1e-030 1e-030 1.18758e-229 7.42433e-070 1e-030 1e-030 1e-030 1e-030 1e-030 1e-030 7.50319e-006 1e-030 0.884906 1e-030 1e-030 1e-030 0.115066 1e-030 1e-030 1.96362e-005 1.37308e-020 
1e-030 1e-030 1e-030 1e-030 1e-030 1e-030 1e-030 1.21012e-042 1e-030 1e-030 1e-030 1e-030 1e-030 0.0274864 0.170784 1e-030 6.81754e-008 1e-030 1e-030 1e-030 1e-030 2.32101e-080 1e-030 0.000478673 1e-030 1e-030 1e-030 2.03477e-031 1e-030 1e-030 0.624213 0.177038 
1e-030 1e-030 1e-030 1e-030 1e-030 1e-030 1e-030 0.0532351 1e-030 1e-030 1e-030 1e-030 1e-030 0.032735 0.0538619 0.017745 0.017745 0.03549 0.017745 1e-030 0.0532351 1e-030 1e-030 0.337155 0.017745 1e-030 1e-030 0.124215 1e-030 0.017745 0.221347 1.89827e-009 
1e-030 1e-030 1e-030 1e-030 1e-030 1e-030 1e-030 1e-030 1e-030 1e-030 1e-030 1e-030 1e-030 1e-030 1e-030 1e-030 1e-030 1e-030 1e-030 1e-030 1e-030 1e-030 1e-030 9.69649e-007 1e-030 1e-030 1e-030 0.999999 1e-030 1e-030 1e-030 1.89588e-190 
1e-030 1e-030 1e-030 1e-030 1e-030 1e-030 1e-030 1e-030 1e-030 1e-030 1e-030 1e-030 1e-030 1e-030 1e-030 1e-030 1e-030 1e-030 1e-030 1e-030 1e-030 1e-030 1e-030 0.167497 1e-030 1e-030 1e-030 0.832503 1e-030 1e-030 1.31058e-138 1.15512e-016 
1e-030 1e-030 1e-030 1e-030 1e-030 1e-030 1e-030 1e-030 1e-030 1e-030 1e-030 1e-030 1e-030 1e-030 1e-030 1e-030 1e-030 1e-030 1e-030 1e-030 1e-030 1e-030 1e-030 0.457124 1e-030 1e-030 1e-030 0.108056 1e-030 1e-030 3.64047e-049 0.43482 
1e-030 1.9948e-249 1e-030 1e-030 1e-030 1e-030 1e-030 7.16414e-021 1e-030 1e-030 1e-030 1e-030 1e-030 0.0584417 1e-030 1e-030 1e-030 1e-030 1e-030 1e-030 1e-030 1e-030 1e-030 8.4317e-066 1e-030 1e-030 1e-030 1.30887e-221 1e-030 1e-030 0.81079 0.130768 
1e-030 0.0415571 1e-030 1e-030 1e-030 1e-030 1e-030 0.103893 1e-030 1e-030 1e-030 1e-030 1e-030 6.27178e-259 0.0415571 1e-030 0.0207786 0.124671 0.0207786 1e-030 0.0207786 1e-030 1e-030 0.187007 1e-030 1e-030 1e-030 0.166228 0.0207786 1e-030 0.0857433 0.166228 
1e-030 1e-030 1e-030 1e-030 1e-030 1e-030 1e-030 1e-030 1e-030 1e-030 1e-030 1e-030 1e-030 1e-030 1e-030 1e-030 1e-030 1e-030 1e-030 1e-030 1e-030 1e-030 1e-030 7.17102e-200 1e-030 1e-030 1e-030 1.87697e-035 1e-030 0.2701 2.8805e-296 0.7299 
1e-030 1e-030 1e-030 1e-030 1e-030 1e-030 1e-030 2.88035e-148 1e-030 1e-030 1e-030 1e-030 1e-030 1e-030 5.23551e-119 1e-030 5.19595e-214 1e-030 1e-030 1e-030 1e-030 1e-030 1e-030 0.0994969 1e-030 1e-030 1e-030 0.649752 1e-030 9.34499e-042 6.83492e-008 0.250751 
1e-030 1e-030 1e-030 1e-030 1e-030 1e-030 1e-030 8.97795e-100 1e-030 1e-030 1e-030 1e-030 1e-030 1e-030 1.9434e-070 1e-030 1.12349e-188 1e-030 1e-030 1e-030 1e-030 1e-030 1e-030 7.99097e-006 1e-030 1e-030 1e-030 0.359852 1e-030 2.0571e-258 0.136251 0.503889 
1e-030 1e-030 1e-030 1e-030 1e-030 1e-030 1e-030 1.36831e-070 1e-030 1e-030 1e-030 1e-030 1e-030 1e-030 3.97175e-131 1e-030 2.55574e-158 1e-030 1e-030 1e-030 1e-030 1e-030 1e-030 0.284901 1e-030 1e-030 1e-030 0.163171 1e-030 1e-030 1.01667e-035 0.551928 
1e-030 0.13088 1e-030 1e-030 1e-030 1e-030 1e-030 0.186971 1e-030 1e-030 1e-030 1e-030 1e-030 1e-030 0.0186971 1e-030 0.0747885 1e-030 1e-030 1e-030 1e-030 1e-030 1e-030 0.0566554 1e-030 1e-030 1e-030 0.0771805 1e-030 1e-030 0.317851 0.136976 
1e-030 1e-030 1e-030 1e-030 1e-030 1e-030 1e-030 1e-030 1e-030 1e-030 1e-030 1e-030 1e-030 1e-030 1e-030 1e-030 1e-030 1e-030 1e-030 1e-030 1e-030 1e-030 1e-030 0.269684 1e-030 1e-030 1e-030 0.730316 1e-030 1e-030 1e-030 4.82435e-098 
1e-030 1e-030 1e-030 1e-030 1e-030 1e-030 1e-030 1e-030 1e-030 1e-030 1e-030 1e-030 1e-030 1e-030 1e-030 1e-030 1e-030 1e-030 1e-030 1e-030 1e-030 1e-030 1e-030 3.29805e-005 1e-030 1e-030 1e-030 0.311414 1e-030 1e-030 1.4534e-184 0.688553 
1e-030 1e-030 1e-030 1e-030 1e-030 1e-030 1e-030 1e-030 1e-030 1e-030 1e-030 1e-030 1e-030 1e-030 1e-030 1e-030 1e-030 1e-030 1e-030 1e-030 1e-030 1e-030 1e-030 0.430563 1e-030 1e-030 1e-030 0.142179 1e-030 1e-030 3.91425e-295 0.427257 
1e-030 1e-030 1e-030 2.17657e-068 1e-030 1e-030 1e-030 1e-030 1e-030 1e-030 1e-030 1e-030 1e-030 1e-030 1e-030 1e-030 1e-030 1e-030 1e-030 1e-030 1e-030 1e-030 1e-030 0.116449 1e-030 1e-030 1e-030 0.055457 1e-030 1e-030 0.11847 0.709624 
1e-030 0.100476 1e-030 0.0200952 1e-030 1e-030 1e-030 0.100476 1e-030 0.0200952 1e-030 1e-030 1e-030 0.0200952 0.0401904 1e-030 0.0200952 0.0200952 0.0200952 1e-030 0.0401904 1e-030 1e-030 0.0401908 1e-030 1e-030 1e-030 0.121591 1e-030 0.0200952 0.394642 0.0215772 
1e-030 1e-030 1e-030 1e-030 1e-030 1e-030 1e-030 1e-030 1e-030 1e-030 1e-030 1e-030 1e-030 1e-030 1e-030 1e-030 1e-030 1e-030 1e-030 1e-030 1e-030 1e-030 1e-030 1.29171e-041 1e-030 1e-030 1e-030 2.55666e-007 1e-030 1e-030 2.05439e-257 1 
1e-030 1e-030 1e-030 1e-030 1e-030 1e-030 1e-030 1e-030 1e-030 1e-030 1e-030 1e-030 1e-030 1e-030 1e-030 1e-030 1e-030 1e-030 1e-030 1e-030 1e-030 1e-030 1e-030 0.0843415 1e-030 1e-030 1e-030 0.674694 1e-030 1e-030 5.75505e-013 0.240965 
1e-030 1e-030 1e-030 1e-030 1e-030 1e-030 1e-030 1e-030 1e-030 1e-030 1e-030 1e-030 1e-030 1e-030 6.04811e-237 1e-030 1e-030 1e-030 1e-030 1e-030 1e-030 1e-030 1e-030 0.445394 1e-030 1e-030 1e-030 0.000566451 1e-030 1e-030 0.209429 0.34461 
1e-030 1e-030 1e-030 1e-030 1e-030 1e-030 1e-030 1e-030 1e-030 1e-030 1e-030 1e-030 1e-030 1e-030 9.55947e-139 1e-030 1e-030 1e-030 1e-030 1e-030 1e-030 1e-030 1e-030 0.14909 1e-030 1e-030 1e-030 0.206658 1e-030 1e-030 5.83072e-012 0.644253 
1e-030 0.166333 1e-030 1e-030 0.0207916 1e-030 1e-030 0.187125 1e-030 1e-030 1e-030 1e-030 1e-030 0.103958 0.0415832 0.0207916 1e-030 0.0207916 1e-030 1e-030 1e-030 1e-030 1e-030 1.22217e-085 1e-030 1e-030 1e-030 0.041895 1e-030 0.0207916 0.332666 0.0432736 
1e-030 1e-030 1e-030 1e-030 1e-030 1e-030 1e-030 1.91938e-216 1e-030 1e-030 1e-030 1e-030 1e-030 1e-030 1e-030 1e-030 1e-030 1e-030 1e-030 1e-030 1e-030 1e-030 1e-030 1.89657e-005 1e-030 1e-030 1e-030 0.00370736 1e-030 8.90177e-015 0.0851334 0.91114 
1e-030 1e-030 1e-030 1e-030 1e-030 3.58027e-309 1e-030 1.65261e-204 1e-030 1e-030 1e-030 1e-030 1e-030 1e-030 9.73156e-215 1e-030 1e-030 1e-030 1e-030 1e-030 1e-030 1e-030 1e-030 0.000974969 1e-030 1e-030 1e-030 0.014203 1e-030 2.86271e-012 0.102171 0.882651 
1e-030 1e-030 1e-030 1e-030 1e-030 3.46918e-210 1e-030 9.37039e-054 1e-030 1e-030 1e-030 1e-030 1e-030 1e-030 8.40363e-173 1e-030 1e-030 1e-030 1e-030 1e-030 1e-030 1e-030 1e-030 0.00907991 1e-030 1e-030 1e-030 0.00819776 1e-030 2.68633e-010 0.154371 0.828351 
1e-030 1.74761e-123 1e-030 1e-030 1e-030 5.82644e-039 1e-030 1.85168e-006 1e-030 1e-030 1e-030 1e-030 1e-030 1.24684e-072 2.31947e-009 1e-030 1e-030 1e-030 1e-030 1e-030 1e-030 1e-030 1e-030 0.102544 1e-030 1e-030 1e-030 0.101182 1e-030 0.0344131 0.0855091 0.67635 
1e-030 0.104899 1e-030 1e-030 1e-030 0.0209799 1e-030 0.104898 1e-030 1e-030 1e-030 1e-030 1e-030 0.0209799 0.104899 0.0419598 0.0209799 1e-030 1e-030 1e-030 0.0629397 1e-030 1e-030 0.0209799 1e-030 1e-030 1e-030 0.125879 1e-030 2.0279e-012 0.349082 0.0215221 
1e-030 1e-030 1e-030 1e-030 1e-030 1e-030 1e-030 1e-030 1e-030 1e-030 1e-030 1e-030 1e-030 1e-030 1e-030 1e-030 1e-030 1e-030 1e-030 1e-030 1e-030 1e-030 1e-030 1.96402e-021 1e-030 1e-030 1e-030 8.289e-071 1e-030 1e-030 1e-030 1 
1e-030 1e-030 1e-030 1e-030 1e-030 1e-030 1e-030 1e-030 1e-030 1e-030 1e-030 1e-030 1e-030 1e-030 1e-030 1e-030 1e-030 1e-030 1e-030 1e-030 1e-030 1e-030 1e-030 0.257516 1e-030 1e-030 1e-030 0.389467 1e-030 1e-030 1e-030 0.353017 
1e-030 1e-030 1e-030 1e-030 1e-030 1e-030 1e-030 1e-030 1e-030 1e-030 1e-030 1e-030 1e-030 1e-030 1e-030 1e-030 1e-030 1e-030 1e-030 1e-030 1e-030 1e-030 1e-030 0.246359 1e-030 1e-030 1e-030 8.15197e-007 1e-030 1e-030 2.18689e-233 0.75364 
1e-030 1e-030 1e-030 1e-030 1e-030 1e-030 1e-030 2.42123e-286 1e-030 1e-030 1e-030 1e-030 1e-030 1e-030 1e-030 1e-030 1e-030 1e-030 1e-030 1e-030 1e-030 1e-030 1e-030 9.84726e-139 1e-030 1e-030 1e-030 1 1e-030 1e-030 2.36479e-009 1.11727e-015 
1e-030 0.110777 1e-030 1e-030 0.0369256 1e-030 1e-030 0.0923139 1e-030 1e-030 1e-030 0.0184628 1e-030 0.0184628 0.0738511 0.0184628 1e-030 0.0184628 1e-030 1e-030 1e-030 1e-030 0.0369256 0.0553883 1e-030 1e-030 1e-030 0.0953238 0.0184628 1e-030 0.33233 0.0738511 
1e-030 1e-030 1e-030 1e-030 1e-030 1e-030 1e-030 4.20445e-309 1e-030 1e-030 1e-030 1e-030 1e-030 1e-030 1e-030 1e-030 1e-030 1e-030 1e-030 1e-030 1e-030 1e-030 1e-030 8.98259e-139 1e-030 1e-030 1e-030 3.00496e-021 1e-030 1e-030 0.200002 0.799998 
1e-030 1e-030 1e-030 1e-030 1e-030 1e-030 1e-030 7.16949e-308 1e-030 1e-030 1e-030 1e-030 1e-030 1e-030 1e-030 1e-030 1e-030 1e-030 1e-030 1e-030 1e-030 1e-030 1e-030 1.59096e-082 1e-030 1e-030 1e-030 0.784969 1e-030 1e-030 0.215 3.08846e-005 
1e-030 1e-030 1e-030 1e-030 1e-030 1e-030 1e-030 5.40258e-238 1e-030 1e-030 1e-030 1e-030 1e-030 1e-030 1e-030 1e-030 1e-030 1e-030 1e-030 1e-030 1e-030 1e-030 1e-030 0.341369 1e-030 1e-030 1e-030 0.397706 1e-030 1e-030 2.45459e-011 0.260926 
1e-030 1e-030 1e-030 1e-030 1e-030 1e-030 1e-030 1.24511e-137 1e-030 1e-030 1e-030 1e-030 1e-030 1e-030 1e-030 1e-030 1e-030 1e-030 1e-030 1e-030 1e-030 1e-030 1e-030 0.166792 1e-030 1e-030 1e-030 3.72707e-035 1e-030 1e-030 0.142379 0.690829 
1e-030 0.058192 1e-030 1e-030 1e-030 1e-030 1e-030 0.155179 1e-030 1e-030 1e-030 1e-030 1e-030 0.0193973 0.0775893 1e-030 0.058192 0.0387947 1e-030 1e-030 0.0387947 1e-030 1e-030 1.94392e-203 1e-030 1e-030 1e-030 0.116384 1e-030 1e-030 0.357938 0.0795389 
1e-030 1e-030 1e-030 1e-030 1e-030 1e-030 1e-030 1e-030 1e-030 1e-030 1e-030 1e-030 1e-030 1e-030 1.8746e-041 1e-030 1e-030 1e-030 1e-030 1e-030 1e-030 1e-030 1e-030 4.55285e-008 1e-030 1e-030 1e-030 0.0287105 1e-030 1e-030 0.262109 0.70918 
1e-030 1e-030 1e-030 1e-030 1e-030 1e-030 1e-030 5.36301e-297 1e-030 2.58861e-005 1e-030 1e-030 1e-030 1e-030 0.352997 1e-030 1e-030 1e-030 1e-030 1e-030 1e-030 1e-030 1e-030 0.176498 1e-030 1e-030 1e-030 0.157166 1e-030 1e-030 1.35555e-006 0.313312 
1e-030 1e-030 1e-030 1e-030 1e-030 1e-030 1e-030 6.78561e-205 1e-030 0.101624 1e-030 1e-030 1e-030 1e-030 5.86491e-039 1e-030 1e-030 1e-030 1e-030 1e-030 1e-030 1e-030 1e-030 0.440393 1e-030 1e-030 1e-030 0.169382 1e-030 1e-030 5.08957e-011 0.2886 
1e-030 1e-030 1e-030 1e-030 1e-030 1e-030 1e-030 4.67093e-072 1e-030 1.45901e-042 1e-030 1e-030 1e-030 1e-030 0.00744117 1e-030 1e-030 1e-030 1e-030 1e-030 1e-030 1e-030 1e-030 7.56218e-008 1e-030 1e-030 1e-030 0.093289 1e-030 1e-030 0.619403 0.279867 
1e-030 0.198409 1e-030 1e-030 1e-030 1e-030 1e-030 0.283442 1e-030 0.0283442 1e-030 1e-030 1e-030 1e-030 0.167804 1e-030 1e-030 0.0283442 0.0850325 1e-030 0.0283442 1e-030 1e-030 1e-030 1e-030 1e-030 1e-030 1.47675e-023 1e-030 1e-030 0.18028 2.54242e-119 
1e-030 1e-030 1e-030 1e-030 1e-030 1e-030 1e-030 1e-030 1e-030 0.333333 1e-030 1e-030 1e-030 1e-030 1e-030 1e-030 1e-030 1e-030 1e-030 1e-030 1e-030 1e-030 1e-030 1e-030 1e-030 1e-030 1e-030 7.86919e-009 1e-030 1e-030 1e-030 0.666667 
1e-030 1e-030 1e-030 1e-030 1e-030 1e-030 1e-030 1e-030 1e-030 4.02527e-065 1e-030 1e-030 1e-030 1e-030 1e-030 1e-030 1e-030 1e-030 1e-030 1e-030 1e-030 1e-030 1e-030 4.64275e-012 1e-030 1e-030 1e-030 1 1e-030 1e-030 1e-030 3.02416e-008 
1e-030 1e-030 1e-030 1e-030 1e-030 1e-030 1e-030 1e-030 1e-030 1e-030 1e-030 1e-030 1e-030 1e-030 1e-030 1e-030 1e-030 1e-030 1e-030 1e-030 1e-030 1e-030 1e-030 0.89566 1e-030 1e-030 1e-030 0.10434 1e-030 1e-030 4.30524e-112 5.16135e-013 
1e-030 1e-030 1e-030 1e-030 1e-030 1.02664e-022 1e-030 1e-030 1e-030 1e-030 1e-030 1e-030 1e-030 2.32092e-095 1e-030 1e-030 1e-030 1e-030 1e-030 1e-030 1e-030 1e-030 1e-030 3.47742e-012 1e-030 1e-030 1e-030 1.44085e-161 1e-030 1e-030 0.817804 0.182196 
1e-030 0.120449 1e-030 1e-030 1e-030 0.0240898 1e-030 0.264987 1e-030 1e-030 1e-030 1e-030 1e-030 0.0722693 1e-030 0.0240898 0.0240898 0.0722693 0.0240898 1e-030 0.0240898 0.0481795 1e-030 0.0722693 1e-030 1e-030 1e-030 2.24648e-301 1e-030 1e-030 0.229128 7.3739e-128 
1e-030 1e-030 1e-030 1e-030 1e-030 1e-030 1e-030 1e-030 1e-030 1e-030 1e-030 1e-030 1e-030 1e-030 1e-030 1e-030 1e-030 1e-030 1e-030 1e-030 1e-030 1e-030 1e-030 0.633059 1e-030 1e-030 1e-030 0.366941 1e-030 1e-030 2.61103e-102 1.69503e-180 
1e-030 1e-030 1e-030 1e-030 1e-030 1e-030 1e-030 1e-030 1e-030 1e-030 1e-030 1e-030 1e-030 1e-030 1e-030 1e-030 1e-030 1e-030 1e-030 1e-030 1e-030 1e-030 1e-030 0.520145 1e-030 1e-030 1e-030 0.479855 1e-030 1e-030 5.97497e-032 1.42059e-063 
1e-030 1e-030 1.24614e-307 1e-030 1e-030 1e-030 1e-030 1e-030 1e-030 1e-030 1e-030 1e-030 1e-030 1e-030 3.22178e-112 1e-030 1e-030 1e-030 1e-030 1e-030 1e-030 1e-030 1e-030 0.916179 1e-030 1e-030 1e-030 0.0837976 1e-030 1e-030 2.31258e-005 2.02418e-012 
1e-030 8.52784e-098 0.00115527 1e-030 1e-030 1e-030 1e-030 2.83923e-018 1e-030 1e-030 1e-030 1e-030 1e-030 1e-030 0.0724318 1e-030 1e-030 1e-030 1e-030 1e-030 1e-030 1e-030 1e-030 3.25509e-005 1e-030 1e-030 1e-030 1.86567e-017 1e-030 1e-030 0.709064 0.217317 
1e-030 0.236993 0.0470206 1e-030 1e-030 1e-030 1e-030 0.0473985 1e-030 1e-030 1e-030 1e-030 1e-030 1e-030 0.0237016 1e-030 0.0236993 0.0236993 0.0236993 0.0473985 1e-030 0.118496 1e-030 0.260692 0.0236993 1e-030 1e-030 3.18119e-088 1e-030 1e-030 0.123503 4.54042e-019 
1e-030 1e-030 1e-030 1e-030 1e-030 1e-030 1e-030 1e-030 1e-030 1e-030 1e-030 1e-030 1e-030 1e-030 1e-030 1e-030 1e-030 1e-030 1e-030 1e-030 1e-030 1e-030 1e-030 1 1e-030 1e-030 1e-030 9.18617e-022 1e-030 1e-030 3.3851e-289 1e-030 
1e-030 1e-030 1e-030 1e-030 1e-030 1e-030 1e-030 1e-030 1e-030 1e-030 1e-030 1e-030 1e-030 1e-030 6.58592e-314 1e-030 1e-030 1e-030 1e-030 1e-030 1e-030 1e-030 1e-030 1 1e-030 1e-030 1e-030 2.51405e-007 1e-030 1e-030 2.02389e-067 1.71598e-305 
1e-030 1e-030 1e-030 1e-030 1e-030 1e-030 1e-030 1e-030 1e-030 1e-030 1e-030 1e-030 1e-030 1e-030 4.27197e-163 1e-030 1e-030 1e-030 1e-030 1e-030 1e-030 1e-030 1e-030 0.774813 1e-030 1e-030 1e-030 0.225183 1e-030 1e-030 3.94313e-006 4.45096e-050 
1e-030 1.05637e-016 1e-030 1e-030 1e-030 1e-030 1e-030 0.0788984 1e-030 1e-030 1e-030 1e-030 1e-030 1e-030 0.236695 1e-030 1e-030 1e-030 1e-030 1e-030 1e-030 1e-030 1e-030 4.19037e-007 1e-030 1e-030 1e-030 3.05028e-054 1e-030 1e-030 0.526609 0.157797 
1e-030 0.206281 1e-030 1e-030 1e-030 1e-030 1e-030 9.96553e-009 1e-030 1e-030 1e-030 1e-030 1e-030 1e-030 0.0187528 1e-030 1e-030 0.0375055 0.0187528 0.0562583 0.0187528 0.0750111 1e-030 0.356303 0.0187528 1e-030 1e-030 0.0562583 1e-030 1e-030 0.137372 5.28994e-028 
1e-030 1e-030 1e-030 1e-030 1e-030 1e-030 1e-030 1e-030 1e-030 1e-030 1e-030 1e-030 1e-030 1e-030 1e-030 1e-030 1e-030 1e-030 1e-030 1e-030 1e-030 1e-030 1e-030 1e-030 1e-030 1e-030 1e-030 1 1e-030 1e-030 1e-030 1e-030 
1e-030 1e-030 1e-030 1e-030 1e-030 1e-030 1e-030 1e-030 1e-030 1e-030 1e-030 1e-030 1e-030 1e-030 1e-030 1e-030 1e-030 1e-030 1e-030 1e-030 1e-030 1e-030 1e-030 0.806755 1e-030 1e-030 1e-030 0.193245 1e-030 1e-030 1e-030 1e-030 
1e-030 1e-030 1e-030 1e-030 1e-030 1e-030 1e-030 1e-030 1e-030 1e-030 1e-030 1e-030 1e-030 1.71779e-273 1e-030 1e-030 1e-030 1e-030 1e-030 1e-030 1e-030 1e-030 1e-030 6.93132e-006 1e-030 1e-030 1e-030 0.999993 1e-030 1e-030 3.25443e-136 4.64718e-014 
1e-030 1.01863e-041 1e-030 1e-030 1e-030 1e-030 1e-030 0.133333 1e-030 1e-030 1e-030 1e-030 1e-030 0.0666667 1e-030 1e-030 1e-030 1e-030 1e-030 1e-030 1e-030 1e-030 1e-030 6.05668e-238 1e-030 1e-030 1e-030 2.14047e-022 1e-030 1e-030 0.466667 0.333333 
1e-030 0.155556 1e-030 1e-030 1e-030 1e-030 1e-030 7.56951e-018 1e-030 1e-030 1e-030 1e-030 1e-030 2.4748e-196 0.0222222 1e-030 0.0888889 1e-030 1e-030 0.0444444 0.0444444 0.0666667 1e-030 0.377778 0.0222222 1e-030 1e-030 0.0888889 1e-030 1e-030 0.0888889 9.57814e-226 
1e-030 1e-030 1e-030 1e-030 1e-030 1e-030 1e-030 1e-030 1e-030 1e-030 1e-030 1e-030 1e-030 1e-030 1e-030 1e-030 1e-030 1e-030 1e-030 1e-030 1e-030 1e-030 1e-030 1 1e-030 1e-030 1e-030 1e-030 1e-030 1e-030 2.65494e-310 4.7069e-030 
1e-030 1e-030 1e-030 1e-030 1e-030 1e-030 1e-030 1e-030 1e-030 1e-030 1e-030 1e-030 1e-030 3.61916e-314 1e-030 1e-030 1e-030 1e-030 1e-030 1e-030 1e-030 1e-030 1e-030 1 1e-030 1e-030 1e-030 1e-030 1e-030 1e-030 3.03707e-099 2.47287e-012 
1e-030 1e-030 1e-030 1e-030 1e-030 1e-030 1e-030 1e-030 1e-030 1e-030 1e-030 1e-030 1e-030 1.86448e-089 1e-030 1e-030 1e-030 1e-030 1e-030 1e-030 1e-030 1e-030 1e-030 0.998369 1e-030 1e-030 1e-030 1e-030 1e-030 1e-030 3.15271e-026 0.00163087 
1e-030 1.63643e-040 1e-030 1e-030 1e-030 1e-030 1e-030 1e-030 1e-030 1e-030 1e-030 1e-030 1e-030 0.000306392 1e-030 1e-030 5.65625e-249 1.03216e-115 1e-030 1e-030 1e-030 1e-030 1e-030 0.000791974 1e-030 1e-030 1e-030 1e-030 1e-030 1e-030 0.046218 0.952684 
1e-030 0.0149908 1e-030 1e-030 1e-030 1e-030 1e-030 1e-030 1e-030 1e-030 1e-030 1e-030 1e-030 0.0449435 1e-030 0.0149908 0.0449724 0.0299816 0.0299816 0.0599632 0.0149908 0.0449724 1e-030 0.449724 1e-030 1e-030 1e-030 0.0299816 1e-030 1e-030 0.220507 1.79234e-007 
1e-030 1e-030 1e-030 1e-030 1e-030 1e-030 1e-030 1e-030 1e-030 1e-030 1e-030 1e-030 1e-030 1e-030 1e-030 1e-030 1e-030 1e-030 1e-030 1e-030 1e-030 1.94842e-012 1e-030 6.55972e-104 1e-030 1e-030 1e-030 0.595573 1e-030 1e-030 1e-030 0.404427 
1e-030 1e-030 1e-030 1e-030 1e-030 1e-030 1e-030 1e-030 1e-030 1e-030 1e-030 1e-030 1e-030 1e-030 1e-030 1e-030 1e-030 1e-030 1e-030 1e-030 1e-030 0.441329 1e-030 0.000971194 1e-030 1e-030 1e-030 0.5577 1e-030 1e-030 1e-030 8.60949e-155 
1e-030 1e-030 1e-030 1e-030 1e-030 1e-030 1e-030 1e-030 1e-030 1e-030 1e-030 1e-030 1e-030 1e-030 1e-030 1e-030 1e-030 1e-030 1e-030 1e-030 1e-030 1.19934e-008 1e-030 0.750683 1e-030 1e-030 1e-030 0.249317 1e-030 1e-030 2.1304e-132 2.15796e-009 
1e-030 1e-030 1e-030 1e-030 1e-030 1e-030 1e-030 1.01932e-089 1e-030 1e-030 1e-030 1e-030 1e-030 3.68944e-007 1e-030 1e-030 1e-030 1e-030 1e-030 1e-030 1e-030 1.6477e-179 1e-030 1.75191e-011 1e-030 1e-030 1e-030 0.00536619 1e-030 1e-030 0.00374108 0.990892 
1e-030 1e-030 1e-030 1e-030 1e-030 1e-030 1e-030 0.111085 1e-030 0.022217 1e-030 1e-030 1e-030 0.0888681 0.022217 1e-030 1e-030 1e-030 1e-030 0.0888682 0.0666511 0.0666511 1e-030 0.22217 1e-030 1e-030 1e-030 0.022217 1e-030 1e-030 0.266188 0.022867 
1e-030 1e-030 1e-030 1e-030 1e-030 1e-030 1e-030 1e-030 1e-030 0.0526316 1e-030 1e-030 1e-030 1e-030 1e-030 1e-030 1e-030 1e-030 1e-030 1e-030 1e-030 1.58223e-182 1e-030 0.526316 1e-030 1e-030 1e-030 0.210526 1e-030 1e-030 1e-030 0.210526 
1e-030 1e-030 1e-030 1e-030 1e-030 1e-030 1e-030 1e-030 1e-030 6.44273e-068 1e-030 1e-030 1e-030 1e-030 1e-030 1e-030 1e-030 1e-030 1e-030 1e-030 1e-030 1 1e-030 6.48766e-030 1e-030 1e-030 1e-030 1e-030 1e-030 1e-030 1e-030 3.46673e-166 
1e-030 1e-030 1e-030 1e-030 1e-030 1e-030 1e-030 1e-030 1e-030 1.37725e-166 1e-030 1e-030 1e-030 1e-030 1e-030 1e-030 1e-030 1e-030 1e-030 1e-030 1e-030 0.0288284 1e-030 0.749189 1e-030 1e-030 1e-030 0.221982 1e-030 1e-030 1.32083e-197 4.18481e-168 
1e-030 1e-030 1e-030 1e-030 1e-030 1e-030 1e-030 1e-030 1e-030 1e-030 1e-030 1e-030 1e-030 7.31347e-234 0.15585 1e-030 0.00302665 1e-030 1e-030 1e-030 1e-030 1e-030 1e-030 8.89961e-093 1e-030 1e-030 1e-030 1e-030 1e-030 1e-030 0.396125 0.444998 
1e-030 1e-030 1e-030 1e-030 1e-030 1e-030 1e-030 1e-030 1e-030 1e-030 1e-030 1e-030 1e-030 0.0464995 0.0139287 1e-030 0.0923665 1e-030 1e-030 1e-030 1e-030 1e-030 1e-030 1e-030 1e-030 1e-030 1e-030 1e-030 1e-030 1e-030 0.847205 2.54992e-134 
1e-030 1e-030 1e-030 1e-030 1e-030 1e-030 1e-030 1e-030 1e-030 1e-030 1e-030 1e-030 1e-030 1e-030 1e-030 1e-030 1e-030 1e-030 1e-030 1e-030 1e-030 1e-030 1e-030 0.00460749 1e-030 1e-030 1e-030 0.995393 1e-030 1e-030 1e-030 1.2378e-021 
1e-030 1e-030 1e-030 1e-030 1e-030 1e-030 1e-030 1e-030 1e-030 1e-030 1e-030 1e-030 1e-030 1e-030 1e-030 1e-030 1e-030 1e-030 1e-030 1e-030 1e-030 1e-030 1e-030 0.621754 1e-030 1e-030 1e-030 0.318978 1e-030 1e-030 4.17222e-042 0.0592681 
1e-030 1e-030 1e-030 1e-030 1e-030 1e-030 1e-030 2.14088e-105 1e-030 1e-030 1e-030 1e-030 1e-030 1e-030 1e-030 1e-030 1e-030 1e-030 1e-030 1e-030 1e-030 1e-030 1e-030 0.760874 1e-030 1e-030 1e-030 0.23557 1e-030 1e-030 3.42341e-025 0.00355536 
1e-030 2.17287e-155 1e-030 1e-030 1e-030 1e-030 1e-030 0.0585808 1e-030 1e-030 1e-030 1e-030 1e-030 0.0117414 1e-030 1e-030 1e-030 1e-030 1e-030 1e-030 2.27094e-022 1e-030 1e-030 0.000142901 1e-030 1e-030 1e-030 1.25031e-027 1e-030 1e-030 0.17093 0.758605 
1e-030 0.0681863 1e-030 1e-030 1e-030 0.0227288 1e-030 0.0842664 1e-030 1e-030 1e-030 1e-030 1e-030 0.0213962 1e-030 1e-030 0.0454575 0.0454575 0.0227288 0.0227288 0.0227288 0.0681863 1e-030 0.0681863 1e-030 1e-030 1e-030 0.0227288 1e-030 1e-030 0.435176 0.0500438 
1e-030 1e-030 1e-030 1e-030 1e-030 1e-030 1e-030 1e-030 1e-030 1e-030 1e-030 1e-030 1e-030 1e-030 1e-030 1e-030 1e-030 1e-030 1e-030 1e-030 1e-030 1e-030 1e-030 1.76926e-065 1e-030 1e-030 1e-030 0.337895 1e-030 1e-030 1e-030 0.662105 
1e-030 1e-030 1e-030 1e-030 1e-030 1e-030 1e-030 4.51729e-095 1e-030 1e-030 1e-030 1e-030 1e-030 2.23333e-095 1e-030 1e-030 1e-030 1e-030 1e-030 1e-030 1e-030 0.060416 1e-030 0.510789 1e-030 2.42228e-100 1e-030 0.300632 1e-030 1e-030 0.060416 0.0677466 
1e-030 1e-030 1e-030 1e-030 1e-030 1e-030 1e-030 1.51218e-095 1e-030 1e-030 1e-030 1e-030 1e-030 2.99065e-095 1e-030 1e-030 1e-030 1e-030 1e-030 1e-030 1e-030 1e-030 1e-030 0.920837 1e-030 4.43633e-095 1e-030 0.0791553 1e-030 1e-030 6.33021e-260 7.6178e-006 
1e-030 1.12597e-245 1e-030 1e-030 1e-030 1e-030 1e-030 3.19144e-006 1e-030 1e-030 1e-030 1e-030 1e-030 3.57162e-198 1e-030 1e-030 1e-030 1e-030 1e-030 1e-030 1e-030 1e-030 1e-030 2.93744e-053 1e-030 2.1032e-284 1e-030 1.81247e-186 1e-030 1e-030 1e-030 0.999997 
1e-030 0.0964241 1e-030 1e-030 1e-030 1e-030 1e-030 0.224989 1e-030 1e-030 1e-030 1e-030 1e-030 0.0321414 1e-030 1e-030 1e-030 1e-030 1e-030 1e-030 1e-030 1e-030 1e-030 2.337e-307 1e-030 0.0321414 1e-030 1e-030 1e-030 1e-030 0.546403 0.0679002 
1e-030 1e-030 1e-030 1e-030 1e-030 1e-030 1e-030 1e-030 1e-030 1e-030 1e-030 1e-030 1e-030 1e-030 1e-030 1e-030 1e-030 1e-030 1e-030 1e-030 1e-030 1e-030 1e-030 0.575108 1e-030 1e-030 1e-030 0.424892 1e-030 1e-030 3.53058e-009 1.61825e-071 
1e-030 1e-030 1e-030 1e-030 1e-030 1e-030 1e-030 9.18068e-319 1e-030 1e-030 1e-030 1e-030 1e-030 1e-030 1e-030 1e-030 1e-030 1e-030 1e-030 1e-030 1e-030 1e-030 1e-030 0.200322 1e-030 1e-030 1e-030 0.302474 1e-030 1e-030 0.142058 0.355146 
1e-030 1e-030 1e-030 1e-030 1e-030 1e-030 1e-030 6.31623e-194 1e-030 1e-030 1e-030 1e-030 1e-030 1e-030 1e-030 1e-030 1e-030 1e-030 1e-030 1e-030 1e-030 1e-030 1e-030 1 1e-030 1e-030 1e-030 3.91831e-016 1e-030 1e-030 2.15704e-319 2.53759e-021 
1e-030 1e-030 1e-030 1e-030 1e-030 1e-030 1e-030 7.50633e-197 1e-030 1e-030 1e-030 1e-030 1e-030 1e-030 1e-030 1e-030 1e-030 1e-030 1e-030 1e-030 1e-030 1e-030 1e-030 6.12595e-013 1e-030 1e-030 1e-030 1e-030 1e-030 1e-030 4.59889e-010 1 
1e-030 0.207828 1e-030 1e-030 1e-030 1e-030 1e-030 0.124697 1e-030 1e-030 1e-030 1e-030 1e-030 1e-030 1e-030 1e-030 1e-030 1e-030 1e-030 1e-030 1e-030 1e-030 1e-030 1.74551e-206 1e-030 1e-030 1e-030 1e-030 1e-030 1e-030 0.623484 0.0439917 
1e-030 1e-030 1e-030 1e-030 1e-030 1e-030 1e-030 1e-030 1e-030 1e-030 1e-030 1e-030 1e-030 1e-030 1e-030 1e-030 1e-030 1e-030 1e-030 1e-030 1e-030 1e-030 1e-030 0.495182 1e-030 1e-030 1e-030 0.123449 1e-030 1e-030 0.381369 3.36579e-100 
1e-030 1e-030 1e-030 1e-030 1e-030 1e-030 1e-030 1e-030 1e-030 1e-030 1e-030 1e-030 1e-030 4.51036e-240 1e-030 1e-030 1e-030 1e-030 1e-030 1e-030 1e-030 1e-030 1e-030 0.666939 1e-030 1e-030 1e-030 0.332194 1e-030 1.82125e-040 1.32482e-011 0.000867169 
1e-030 1e-030 1e-030 1e-030 1e-030 1e-030 1e-030 1e-030 1e-030 1e-030 1e-030 1e-030 1e-030 1e-030 1e-030 1e-030 1e-030 1e-030 1e-030 1e-030 1e-030 1e-030 1e-030 0.684167 1e-030 1e-030 1e-030 0.211457 1e-030 0.0490788 1.25296e-033 0.0552967 
1e-030 1.45211e-040 1e-030 1e-030 1e-030 1e-030 1e-030 0.182801 1e-030 1e-030 1e-030 1e-030 1e-030 0.0609337 1.56037e-179 1e-030 1e-030 1e-030 1e-030 1e-030 1e-030 1e-030 1e-030 1.59235e-107 1e-030 1e-030 1e-030 6.09368e-012 1e-030 1e-030 0.398918 0.357347 
1e-030 0.451299 1e-030 1e-030 1e-030 1e-030 1e-030 6.69787e-033 1e-030 1e-030 1e-030 1e-030 1e-030 1e-030 0.0564123 0.0564123 0.0282062 0.0282062 0.0282062 0.0282062 0.0564123 1e-030 1e-030 0.0846185 1e-030 1e-030 1e-030 0.0564123 1e-030 1e-030 0.125609 1e-030 
1e-030 1e-030 1e-030 1e-030 1e-030 1e-030 1e-030 1e-030 1e-030 1e-030 1e-030 1e-030 1e-030 1e-030 1e-030 1e-030 1e-030 1e-030 4.04865e-301 1e-030 1e-030 1.33423e-292 1e-030 0.285765 1e-030 1e-030 1e-030 2.51934e-007 1e-030 0.11908 1e-030 0.595154 
1e-030 1e-030 1e-030 1e-030 1e-030 1e-030 1e-030 1e-030 1e-030 1e-030 1e-030 1e-030 1e-030 1e-030 1e-030 1e-030 4.25165e-203 1e-030 2.00149e-021 1e-030 1e-030 0.071513 1e-030 0.428027 1e-030 1e-030 1e-030 0.500381 1e-030 1.43001e-033 2.19353e-175 7.91174e-005 
1e-030 1e-030 1e-030 1e-030 1e-030 1e-030 1e-030 1e-030 1e-030 1e-030 1e-030 1e-030 1e-030 2.92257e-165 5.73862e-071 1e-030 0.0300017 1e-030 0.0300017 1e-030 1e-030 0.0141341 1e-030 0.643077 1e-030 1e-030 1e-030 0.158989 1e-030 0.0300018 0.0336838 0.0601111 
1e-030 1e-030 1e-030 1e-030 1e-030 1e-030 1e-030 1e-030 1e-030 1e-030 1e-030 1e-030 1e-030 1.18498e-047 0.160914 1e-030 0.00113027 1e-030 1e-030 1e-030 1e-030 1e-030 1e-030 5.15966e-007 1e-030 1e-030 1e-030 1e-030 1e-030 6.53252e-116 0.3545 0.483455 
1e-030 0.236002 1e-030 1e-030 1e-030 1e-030 1e-030 0.0337146 1e-030 1e-030 1e-030 1e-030 1e-030 0.0337146 2.58738e-007 1e-030 0.0334778 1e-030 1e-030 1e-030 1e-030 1e-030 1e-030 1.64826e-077 1e-030 1e-030 1e-030 1e-030 1e-030 1e-030 0.629595 0.033496 
1e-030 1e-030 1e-030 1e-030 1e-030 1e-030 1e-030 1e-030 1e-030 1e-030 1e-030 1e-030 1e-030 1e-030 1e-030 1e-030 1e-030 1e-030 1e-030 1e-030 1e-030 1e-030 1e-030 0.526121 1e-030 1e-030 1e-030 0.473697 1e-030 1e-030 0.000181491 4.88326e-128 
1e-030 1e-030 1e-030 1e-030 1e-030 1e-030 1e-030 1e-030 1e-030 1e-030 1e-030 1e-030 1e-030 1e-030 1e-030 1e-030 1e-030 1e-030 1e-030 1e-030 1e-030 1e-030 1e-030 1.55506e-045 1e-030 1e-030 1e-030 0.111789 1e-030 1e-030 0.221938 0.666273 
1e-030 1e-030 1e-030 1e-030 1e-030 1e-030 1e-030 9.23227e-266 1e-030 1e-030 1e-030 1e-030 1e-030 5.78718e-295 1e-030 1e-030 1e-030 1e-030 1e-030 1e-030 1e-030 1e-030 1e-030 0.775747 1e-030 1e-030 1e-030 0.203286 1e-030 0.0209661 1.48456e-094 6.82904e-065 
1e-030 7.75206e-251 1e-030 1e-030 1e-030 1e-030 1e-030 9.84626e-012 1e-030 1e-030 1e-030 1e-030 1e-030 2.65799e-061 1e-030 1e-030 1e-030 1e-030 1e-030 1e-030 1e-030 1e-030 1e-030 4.19231e-033 1e-030 1e-030 1e-030 9.88131e-324 1e-030 2.73063e-272 0.409902 0.590098 
1e-030 0.273323 1e-030 1e-030 1e-030 1e-030 1e-030 0.117138 1e-030 1e-030 1e-030 1e-030 1e-030 0.156185 1e-030 1e-030 1e-030 1e-030 1e-030 1e-030 1e-030 1e-030 1e-030 4.49775e-188 1e-030 1e-030 1e-030 4.49775e-188 1e-030 1e-030 0.453354 2.19076e-049 
1e-030 1e-030 1e-030 1e-030 1e-030 1e-030 1e-030 1e-030 1e-030 1e-030 1e-030 1e-030 1e-030 1e-030 1e-030 1e-030 1e-030 1e-030 1e-030 1e-030 1e-030 1e-030 1e-030 3.57616e-011 1e-030 1e-030 1e-030 0.500001 1e-030 0.499999 1e-030 1e-030 
1e-030 1e-030 1e-030 1e-030 1e-030 1e-030 1e-030 1e-030 1e-030 1e-030 1e-030 1e-030 1e-030 1e-030 1e-030 1e-030 1e-030 1e-030 1e-030 1e-030 1e-030 1e-030 1e-030 0.999999 1e-030 1e-030 1e-030 6.16064e-007 1e-030 2.72881e-007 7.51534e-287 1e-030 
1e-030 1e-030 1e-030 1e-030 1e-030 1e-030 1e-030 1.31717e-218 1e-030 1e-030 1e-030 1e-030 1e-030 1e-030 1e-030 1e-030 1e-030 3.07203e-288 1e-030 1e-030 1e-030 1e-030 1e-030 0.66227 1e-030 1e-030 1e-030 0.151265 1e-030 1e-030 0.0688144 0.11765 
1e-030 1e-030 1e-030 1e-030 1e-030 1e-030 1e-030 2.51931e-009 1e-030 1e-030 1e-030 1e-030 1e-030 1e-030 1.54332e-218 1e-030 1e-030 6.15632e-126 1e-030 1e-030 1e-030 1e-030 1e-030 1.06839e-010 1e-030 1e-030 1e-030 1e-030 1e-030 1e-030 1 1.72549e-237 
1e-030 0.279519 1e-030 1e-030 1e-030 1e-030 1e-030 0.186346 1e-030 1e-030 1e-030 1e-030 1e-030 1e-030 0.093173 1e-030 1e-030 0.093173 1e-030 1e-030 1e-030 1e-030 1e-030 6.70812e-127 1e-030 1e-030 1e-030 1e-030 1e-030 1e-030 0.347789 1e-030 
1e-030 1e-030 1e-030 1e-030 1e-030 1e-030 1e-030 1e-030 1e-030 1e-030 1e-030 1e-030 1e-030 1e-030 1e-030 1e-030 1e-030 1e-030 1e-030 1e-030 1e-030 1e-030 1e-030 0.99907 1e-030 1e-030 1e-030 0.000929827 1e-030 1e-030 1.65797e-240 2.10974e-057 
1e-030 1e-030 1e-030 1e-030 1e-030 1e-030 1e-030 1e-030 1e-030 1e-030 1e-030 1e-030 1e-030 1e-030 3.51765e-285 1e-030 1e-030 1e-030 1e-030 1e-030 1e-030 1e-030 1e-030 0.611621 1e-030 1e-030 1e-030 0.331622 1e-030 1e-030 0.000993845 0.0557631 
1e-030 1e-030 1e-030 1e-030 1e-030 1e-030 1e-030 1e-030 1e-030 1e-030 1e-030 1e-030 1e-030 4.39974e-260 4.07108e-115 1e-030 1e-030 1e-030 1e-030 1e-030 1e-030 1e-030 1e-030 0.892707 1e-030 1e-030 1e-030 0.00340932 1e-030 1e-030 0.0531781 0.0507061 
1e-030 1e-030 1e-030 1e-030 1e-030 1e-030 1e-030 4.47419e-049 1e-030 1e-030 1e-030 1e-030 1e-030 1.12697e-008 0.0520385 1e-030 1e-030 1e-030 1e-030 1e-030 1e-030 1e-030 1e-030 1.24009e-005 1e-030 1e-030 1e-030 1e-030 1e-030 1e-030 0.947949 4.24353e-046 
1e-030 0.126912 1e-030 1e-030 1e-030 1e-030 1e-030 0.380736 1e-030 1e-030 1e-030 1e-030 1e-030 0.0507648 0.0447773 1e-030 1e-030 0.0253824 1e-030 1e-030 1e-030 1e-030 1e-030 1.3026e-040 1e-030 1e-030 1e-030 1e-030 1e-030 1e-030 0.371427 1e-030 
1e-030 1e-030 1e-030 1e-030 1e-030 1e-030 1e-030 1e-030 1e-030 1e-030 1e-030 1e-030 1e-030 1e-030 1e-030 1e-030 1e-030 1e-030 1e-030 1e-030 1e-030 1e-030 1e-030 1.35452e-154 1e-030 1e-030 1e-030 7.8838e-006 1e-030 4.03791e-032 0.499995 0.499997 
1e-030 1e-030 1e-030 1e-030 1e-030 1e-030 1e-030 1e-030 1e-030 1e-030 1e-030 1e-030 1e-030 1e-030 1e-030 1e-030 1e-030 1e-030 1e-030 1e-030 1e-030 1.52144e-145 1e-030 0.171592 1e-030 1e-030 1e-030 0.678899 1e-030 0.149509 6.51346e-007 1e-030 
1e-030 1e-030 1e-030 1e-030 1e-030 1e-030 1e-030 3.23358e-290 1e-030 1e-030 1e-030 1e-030 1e-030 1e-030 1e-030 1e-030 1e-030 1e-030 1e-030 1e-030 1e-030 0.0242064 1e-030 0.771029 1e-030 1e-030 1e-030 0.180558 1e-030 2.0051e-037 0.0242064 1.12606e-023 
1e-030 1e-030 1e-030 1e-030 1e-030 1e-030 1e-030 4.30125e-055 1e-030 1e-030 1e-030 1e-030 1e-030 8.60379e-298 1e-030 1e-030 1e-030 1e-030 1e-030 1e-030 1e-030 1e-030 1e-030 2.88635e-010 1e-030 1e-030 1e-030 4.76335e-072 1e-030 1e-030 3.03068e-007 1 
1e-030 0.129032 1e-030 1e-030 1e-030 1e-030 1e-030 0.387097 1e-030 1e-030 1e-030 1e-030 1e-030 0.0322581 1e-030 1e-030 1e-030 1e-030 1e-030 1e-030 1e-030 1e-030 1e-030 9.16808e-290 1e-030 1e-030 1e-030 1e-030 1e-030 1e-030 0.451613 1.61429e-022 
1e-030 1e-030 1e-030 1e-030 1e-030 1e-030 1e-030 1e-030 1e-030 1e-030 1e-030 1e-030 1e-030 1e-030 9.77313e-010 1e-030 7.01537e-124 1e-030 1e-030 1e-030 1e-030 1e-030 1e-030 8.08223e-276 1e-030 1e-030 1e-030 2.80661e-153 1e-030 7.70602e-183 1 1e-030 
1e-030 1e-030 1e-030 1e-030 1e-030 1e-030 1e-030 1e-030 1e-030 1e-030 1e-030 1e-030 1e-030 1e-030 0.321057 1e-030 0.160528 1e-030 1e-030 1e-030 1e-030 1e-030 1e-030 5.60293e-006 1e-030 1e-030 1e-030 0.220227 1e-030 0.298168 1.39588e-005 2.79865e-073 
1e-030 1e-030 1e-030 1e-030 1e-030 1e-030 1e-030 8.76425e-062 1e-030 1e-030 1e-030 1e-030 1e-030 1e-030 1.05347e-082 1e-030 6.18364e-016 1e-030 1e-030 1e-030 1e-030 1e-030 1e-030 0.631589 1e-030 1e-030 1e-030 0.246263 1e-030 0.0424519 2.0034e-183 0.0796962 
1e-030 1e-030 1e-030 1e-030 1e-030 1e-030 1e-030 0.290582 1e-030 1e-030 1e-030 1e-030 1e-030 0.00361579 1e-030 1e-030 1e-030 1e-030 9.89034e-043 1e-030 1e-030 1e-030 1e-030 0.000132047 1e-030 1e-030 1e-030 9.75895e-008 1e-030 1.38581e-114 1.91568e-216 0.70567 
1e-030 0.0488092 1e-030 1e-030 1e-030 1e-030 1e-030 1.95068e-005 1e-030 1e-030 1e-030 1e-030 1e-030 0.048202 1e-030 1e-030 0.0244046 0.0732137 0.0732137 0.0244046 1e-030 0.0244046 1e-030 4.32416e-064 1e-030 0.0244046 1e-030 0.0244046 1e-030 1e-030 0.610114 0.0244046 
1e-030 1e-030 1e-030 1e-030 1e-030 1e-030 1e-030 1e-030 1e-030 1e-030 1e-030 1e-030 1e-030 1e-030 1e-030 1e-030 1e-030 1e-030 1e-030 1e-030 1e-030 1e-030 1e-030 0.180675 1e-030 1e-030 1e-030 0.181007 1e-030 0.181272 0.455756 0.00129007 
1e-030 1e-030 1e-030 1e-030 1e-030 1e-030 1e-030 1e-030 1e-030 1e-030 1e-030 1e-030 1e-030 1e-030 1e-030 1e-030 1e-030 1e-030 1e-030 1e-030 1e-030 1e-030 1e-030 0.00330787 1e-030 1e-030 1e-030 0.167687 1e-030 1.71168e-056 0.165332 0.663673 
1e-030 1e-030 1e-030 1e-030 1e-030 1e-030 1e-030 1e-030 1e-030 1e-030 1e-030 1e-030 1e-030 2.48245e-229 4.42174e-058 1e-030 1e-030 1e-030 1e-030 1e-030 1e-030 1e-030 1e-030 0.76346 1e-030 1e-030 1e-030 0.121016 1e-030 0.0363663 0.0407788 0.0383793 
1e-030 4.90127e-083 1e-030 1e-030 1e-030 1e-030 1e-030 2.03534e-013 1e-030 1e-030 1e-030 1e-030 1e-030 0.0907402 0.135121 1e-030 1e-030 1e-030 1e-030 1e-030 1e-030 1e-030 1e-030 1.39411e-007 1e-030 1e-030 1e-030 0.0277939 1e-030 1.83941e-029 0.288114 0.458231 
1e-030 0.258659 1e-030 1e-030 1e-030 1e-030 1e-030 0.164601 1e-030 1e-030 1e-030 1e-030 1e-030 0.0801433 0.026309 1e-030 0.0235144 0.0235144 0.0235144 1e-030 1e-030 0.0235144 1e-030 0.0470288 1e-030 1e-030 1e-030 8.83668e-086 1e-030 3.72768e-197 0.329202 2.89163e-011 
1e-030 1e-030 1e-030 1e-030 1e-030 1e-030 1e-030 1e-030 1e-030 1e-030 1e-030 1e-030 1e-030 1e-030 1e-030 1e-030 1e-030 1e-030 1e-030 1e-030 1e-030 1e-030 1e-030 5.26244e-021 1e-030 1e-030 1e-030 7.82377e-108 1e-030 1e-030 1e-030 1 
1e-030 1e-030 1e-030 1e-030 1e-030 1e-030 1e-030 1e-030 1e-030 1e-030 1e-030 1e-030 1e-030 1e-030 1e-030 1e-030 1e-030 1e-030 1e-030 1e-030 1e-030 1e-030 1e-030 0.465625 1e-030 1e-030 1e-030 0.232635 1e-030 1e-030 1e-030 0.301739 
1e-030 1e-030 1e-030 1e-030 1e-030 1e-030 1e-030 1e-030 1e-030 1e-030 1e-030 1e-030 1e-030 1e-030 1e-030 1e-030 1e-030 1e-030 1e-030 1e-030 1e-030 1e-030 1e-030 0.655538 1e-030 1e-030 1e-030 0.264191 1e-030 1e-030 2.74736e-081 0.080271 
1e-030 1.72149e-222 3.06767e-135 2.31722e-106 1e-030 1e-030 1e-030 1.50925e-042 1e-030 1e-030 1e-030 1e-030 1e-030 1e-030 2.60272e-007 1e-030 1e-030 1e-030 1e-030 1e-030 1e-030 1e-030 1e-030 1.04079e-025 1e-030 1e-030 1e-030 4.10124e-231 1e-030 1e-030 0.736004 0.263996 
1e-030 0.0952169 0.0476084 0.0238042 1e-030 1e-030 1e-030 0.190434 1e-030 1e-030 1e-030 1e-030 1e-030 1e-030 0.119021 0.0238042 1e-030 0.0476084 0.0238042 0.0238042 0.0238042 1e-030 1e-030 1e-030 0.0238042 0.0238042 1e-030 1e-030 1e-030 1e-030 0.333482 1e-030 
1e-030 1e-030 1e-030 1e-030 1e-030 1e-030 1e-030 1e-030 1e-030 1e-030 1e-030 1e-030 1e-030 1e-030 1e-030 1e-030 1e-030 1e-030 1e-030 1e-030 1e-030 1e-030 1e-030 0.145502 1e-030 1e-030 1e-030 0.000301892 1e-030 1e-030 0.380735 0.473461 
1e-030 2.03016e-205 1e-030 1e-030 1e-030 1e-030 1e-030 1e-030 1e-030 1e-030 1e-030 1e-030 1e-030 1e-030 1e-030 1e-030 1e-030 1e-030 1e-030 1e-030 1e-030 1e-030 1e-030 0.49799 1e-030 1e-030 1e-030 0.30306 1e-030 1e-030 0.00064209 0.198308 
1e-030 3.63217e-044 1e-030 1e-030 1e-030 1e-030 1e-030 1e-030 1e-030 1e-030 1e-030 1e-030 1e-030 1e-030 1e-030 1e-030 1e-030 1e-030 1e-030 1e-030 1e-030 1e-030 1e-030 0.658487 1e-030 1e-030 1e-030 0.175886 1e-030 1e-030 0.0430989 0.122528 
1e-030 2.68523e-012 1e-030 1e-030 1e-030 1e-030 1e-030 6.75558e-064 1e-030 1e-030 1e-030 1e-030 1e-030 1e-030 7.27957e-192 1e-030 1e-030 1e-030 1e-030 1e-030 1e-030 1e-030 1e-030 0.082502 1e-030 1e-030 1e-030 3.2599e-018 1e-030 1e-030 0.917498 3.15937e-031 
1e-030 0.0840583 1e-030 1e-030 1e-030 1e-030 1e-030 0.252175 1e-030 1e-030 1e-030 1e-030 1e-030 0.0630438 0.0420292 1e-030 0.0630438 0.0420292 0.0210146 1e-030 1e-030 0.0210146 1e-030 0.0420991 1e-030 1e-030 1e-030 0.0210146 1e-030 1e-030 0.348478 1.42501e-051 
1e-030 1e-030 1e-030 1e-030 1e-030 1e-030 1e-030 1e-030 1e-030 1e-030 1e-030 1e-030 1e-030 1e-030 1e-030 1e-030 1e-030 1e-030 1e-030 1e-030 1e-030 1e-030 1e-030 1 1e-030 1e-030 1e-030 5.94549e-042 1e-030 1e-030 1e-030 2.03422e-235 
1e-030 1e-030 1e-030 1e-030 1e-030 1e-030 1e-030 1e-030 1e-030 1e-030 1e-030 1e-030 1e-030 1e-030 1e-030 1e-030 1e-030 1e-030 1e-030 1e-030 1e-030 1e-030 1e-030 0.245431 1e-030 1e-030 1e-030 0.754569 1e-030 1e-030 1e-030 1.63232e-045 
1e-030 4.94066e-324 1e-030 1e-030 1e-030 1e-030 1e-030 1.61138e-207 1e-030 1e-030 1e-030 1e-030 1e-030 1.61138e-207 9.22603e-131 1e-030 1e-030 1e-030 1e-030 1e-030 1e-030 1e-030 1e-030 0.600093 1e-030 1e-030 1e-030 0.130894 1e-030 1e-030 0.0769379 0.192075 
1e-030 1e-030 1e-030 1e-030 1e-030 1e-030 1e-030 7.25884e-019 1e-030 1e-030 1e-030 1e-030 1e-030 1.64036e-080 0.245297 1e-030 1e-030 1e-030 1e-030 1e-030 1e-030 1e-030 1e-030 6.00262e-099 1e-030 1e-030 1e-030 0.0222018 1e-030 1e-030 0.516827 0.215674 
1e-030 0.0881991 1e-030 1e-030 1e-030 1e-030 1e-030 0.158758 1e-030 1e-030 1e-030 1e-030 1e-030 0.0352796 0.0179224 1e-030 0.0176398 0.0352796 0.105839 0.0176398 1e-030 1e-030 1e-030 0.105845 1e-030 1e-030 1e-030 0.141122 1e-030 0.0352796 0.223527 0.0176686 
