1e-030 1e-030 1e-030 1e-030 1e-030 1e-030 1e-030 1e-030 1e-030 1e-030 1e-030 1e-030 1e-030 1e-030 1e-030 1e-030 1e-030 1e-030 1e-030 1e-030 1e-030 1e-030 1e-030 1.44592e-047 1e-030 1e-030 1e-030 1e-030 1e-030 1e-030 0.2 0.8 
1e-030 1e-030 1e-030 1e-030 1e-030 1e-030 1e-030 1e-030 1e-030 1e-030 1e-030 1e-030 1e-030 1e-030 1e-030 1e-030 1e-030 1e-030 1e-030 1e-030 1e-030 1e-030 1e-030 0.999999 1e-030 1e-030 1e-030 1e-030 1e-030 1e-030 2.1895e-083 6.58976e-007 
1e-030 1e-030 1e-030 1e-030 1e-030 1e-030 1e-030 1e-030 1e-030 1e-030 1e-030 1e-030 1e-030 1e-030 1e-030 1.63072e-270 1.04367e-241 1e-030 1e-030 1e-030 3.14253e-070 1e-030 1e-030 9.84688e-008 1e-030 1e-030 1e-030 1e-030 1e-030 1e-030 1.53801e-222 1 
1e-030 1e-030 1e-030 1e-030 1e-030 1e-030 1e-030 1e-030 1e-030 1e-030 1e-030 1e-030 1e-030 1e-030 7.95452e-222 0.044662 0.044662 0.044662 1e-030 1e-030 0.089324 1e-030 1e-030 0.732028 1e-030 1e-030 1e-030 1e-030 0.044662 1e-030 3.39354e-022 5.77343e-072 
1e-030 0.147029 1e-030 0.0210042 1e-030 1e-030 1e-030 0.105021 1e-030 1e-030 1e-030 1e-030 1e-030 1e-030 0.0210042 5.61396e-104 1.76226e-132 0.126025 1e-030 1e-030 0.0210042 1e-030 1e-030 0.264854 0.0210042 1e-030 1e-030 0.0630125 1.21269e-074 1e-030 0.0630125 0.147029 
1e-030 1e-030 1e-030 1e-030 1e-030 1e-030 1e-030 1e-030 1e-030 1e-030 1e-030 1e-030 1e-030 1e-030 1e-030 1e-030 1e-030 1.516e-254 1e-030 1e-030 1e-030 1e-030 1e-030 0.115789 1e-030 1e-030 1e-030 0.0195816 1e-030 1e-030 1e-030 0.86463 
1e-030 1e-030 1e-030 1e-030 1e-030 1e-030 1e-030 1e-030 1e-030 1e-030 1e-030 1e-030 1e-030 1e-030 1e-030 1e-030 1e-030 1.03475e-044 1e-030 1e-030 1e-030 1e-030 1e-030 0.00514621 1e-030 1e-030 1e-030 0.219071 1e-030 1e-030 1e-030 0.775783 
1e-030 1e-030 1e-030 1e-030 1e-030 1e-030 1e-030 1e-030 1e-030 1e-030 1e-030 1e-030 1e-030 1e-030 7.82075e-048 1e-030 0.0352972 0.904288 1e-030 1e-030 1e-030 1e-030 1e-030 6.10574e-305 1e-030 1e-030 1e-030 0.0604146 1e-030 1e-030 1e-030 6.35154e-011 
1e-030 1e-030 1e-030 1e-030 1e-030 1e-030 1e-030 6.6378e-092 1e-030 1e-030 1e-030 1e-030 1e-030 1e-030 0.0629249 1e-030 0.118731 0.0693279 1e-030 1e-030 1e-030 1e-030 1e-030 0.748999 1e-030 1e-030 1e-030 1.95344e-082 1e-030 1e-030 1.67798e-005 1e-030 
1e-030 0.0199614 1e-030 1e-030 1e-030 1e-030 1e-030 0.13973 1e-030 1e-030 1e-030 1e-030 1e-030 1e-030 5.25094e-150 1e-030 0.119768 0.179653 0.0399228 1e-030 0.0199614 1e-030 1e-030 0.0618191 1e-030 1e-030 1e-030 0.0199614 1e-030 1e-030 0.159686 0.239537 
1e-030 1e-030 1e-030 1e-030 1e-030 1e-030 1e-030 1e-030 1e-030 1e-030 1e-030 1e-030 1e-030 1e-030 1e-030 1e-030 1e-030 1e-030 1e-030 1e-030 1e-030 1e-030 1e-030 0.137378 1e-030 1e-030 1e-030 0.480137 1e-030 1e-030 0.176388 0.206098 
1e-030 1e-030 1e-030 1e-030 1e-030 1e-030 1e-030 1e-030 1e-030 1e-030 1e-030 1e-030 1e-030 1e-030 1e-030 1e-030 1e-030 1e-030 1e-030 1e-030 6.98083e-199 1e-030 1e-030 0.192106 1e-030 1e-030 1e-030 0.0455787 1e-030 1e-030 0.050196 0.712119 
1e-030 1e-030 1e-030 1e-030 1e-030 1e-030 1e-030 1e-030 1e-030 1e-030 1e-030 1e-030 1e-030 1e-030 1e-030 1e-030 1.03513e-289 5.97183e-103 1e-030 1e-030 9.62685e-015 1e-030 1e-030 0.0227247 1e-030 1e-030 1e-030 8.49011e-006 1e-030 1e-030 2.64175e-035 0.977267 
1e-030 1e-030 1e-030 1.75881e-130 1e-030 1e-030 1e-030 4.74972e-275 1e-030 1e-030 1e-030 1e-030 1e-030 0.0445542 5.31998e-015 1e-030 0.0445542 0.0445542 0.0445542 1e-030 0.0445542 1e-030 1e-030 0.666423 1e-030 1e-030 1e-030 3.70754e-048 1e-030 1e-030 0.0165035 0.094303 
1e-030 0.312139 1e-030 0.15607 1e-030 1e-030 1e-030 0.117052 1e-030 1e-030 1e-030 1e-030 1e-030 1e-030 0.117052 1e-030 0.15607 0.117052 1e-030 1e-030 1e-030 1e-030 1e-030 2.43824e-081 1e-030 1e-030 1e-030 1e-030 1e-030 1e-030 0.0245648 1.09121e-007 
1e-030 1e-030 1e-030 1e-030 1e-030 1e-030 1e-030 1e-030 1e-030 1e-030 1e-030 1e-030 1e-030 1e-030 1e-030 1e-030 1e-030 1e-030 1e-030 1e-030 1e-030 1e-030 1e-030 1e-030 1e-030 1e-030 1e-030 1e-030 1e-030 1e-030 1 7.20643e-054 
1e-030 1e-030 1e-030 1e-030 1e-030 1e-030 1e-030 1e-030 1e-030 1e-030 1e-030 1e-030 1e-030 1e-030 1e-030 1e-030 1e-030 5.5562e-057 5.34772e-298 1e-030 1e-030 1e-030 1e-030 0.511208 1e-030 1e-030 1e-030 1e-030 1e-030 1e-030 0.0377255 0.451066 
1e-030 1e-030 1e-030 1e-030 1e-030 1e-030 1e-030 1e-030 1e-030 1e-030 1e-030 1e-030 1e-030 1e-030 1e-030 1e-030 1e-030 0.174051 0.696202 1e-030 1e-030 1e-030 8.29168e-022 1.22391e-271 1e-030 1e-030 1e-030 1e-030 1e-030 1e-030 0.129747 4.3328e-012 
1e-030 1e-030 1e-030 1e-030 1e-030 1e-030 1e-030 1e-030 1e-030 1e-030 1e-030 1e-030 1e-030 1e-030 1e-030 1e-030 1e-030 9.25258e-106 1.34159e-020 1e-030 1e-030 1e-030 0.0555556 0.944444 1e-030 1e-030 1e-030 1e-030 1e-030 1e-030 1.03185e-011 5.93702e-099 
1e-030 0.185185 1e-030 0.0740741 1e-030 1e-030 1e-030 0.148148 1e-030 1e-030 1e-030 1e-030 1e-030 1e-030 0.037037 1e-030 0.111111 0.111111 1e-030 1e-030 0.037037 1e-030 1e-030 2.31634e-029 1e-030 1e-030 1e-030 1e-030 1e-030 1e-030 0.185185 0.111111 
1e-030 1e-030 1e-030 1e-030 1e-030 1e-030 1e-030 1e-030 1e-030 1e-030 1e-030 1e-030 1e-030 1e-030 1e-030 1e-030 1e-030 1e-030 1e-030 1e-030 1e-030 1e-030 1e-030 3.41883e-040 1e-030 1e-030 1e-030 0.245913 1e-030 1e-030 1.74405e-321 0.754087 
1e-030 1e-030 1e-030 1e-030 1e-030 1e-030 1e-030 1e-030 1e-030 1e-030 1e-030 1e-030 1e-030 1e-030 1e-030 1e-030 1e-030 1e-030 1e-030 1e-030 2.88534e-321 1e-030 1e-030 0.407528 1e-030 1e-030 1e-030 3.57084e-015 1e-030 1e-030 1e-030 0.592472 
1e-030 1e-030 1e-030 1e-030 1e-030 1e-030 1e-030 1e-030 1e-030 1e-030 1e-030 1e-030 1e-030 1e-030 1e-030 1e-030 1e-030 1e-030 1e-030 1e-030 1e-030 1e-030 1e-030 8.39923e-030 1e-030 1e-030 1e-030 0.617313 1e-030 1e-030 5.73327e-233 0.382687 
1e-030 1.23632e-250 1e-030 1e-030 1e-030 3.12599e-112 1e-030 1e-030 1e-030 1e-030 1e-030 1e-030 1e-030 1e-030 0.0664454 1e-030 0.0332227 1e-030 1e-030 1e-030 0.0332227 1e-030 0.0332227 0.684219 1e-030 1e-030 1e-030 1.36228e-091 1e-030 1e-030 0.0806001 0.0690675 
1e-030 0.167064 1e-030 0.0477326 1e-030 0.0477326 1e-030 0.0238663 1e-030 1e-030 1e-030 1e-030 1e-030 1e-030 1.97744e-318 1e-030 1e-030 0.0715988 0.0238663 1e-030 0.0238663 1e-030 4.86863e-148 0.343796 0.0238663 1e-030 1e-030 0.0238663 1e-030 0.0477326 0.0852968 0.0697152 
1e-030 1e-030 1e-030 1e-030 0.166667 1e-030 1e-030 1e-030 1e-030 1e-030 1e-030 1e-030 1e-030 1e-030 1e-030 1e-030 1e-030 1e-030 1e-030 1e-030 1e-030 1e-030 1e-030 1.80288e-022 0.5 1e-030 1e-030 1.10833e-286 1e-030 1e-030 0.166667 0.166667 
1e-030 1e-030 1e-030 1e-030 5.43885e-287 1e-030 1e-030 1e-030 1e-030 1e-030 1e-030 1e-030 1e-030 1e-030 1e-030 1e-030 1e-030 1e-030 1e-030 1e-030 1e-030 1e-030 1e-030 0.50072 3.06329e-045 1e-030 1e-030 0.0345105 1e-030 1e-030 1e-030 0.46477 
1e-030 1e-030 1e-030 1e-030 1e-030 1e-030 1e-030 1e-030 1e-030 1e-030 1e-030 1e-030 1e-030 1e-030 0.0544714 1e-030 1e-030 3.43295e-262 1e-030 1e-030 1e-030 1e-030 1e-030 0.466242 3.07658e-280 1e-030 1e-030 8.42807e-007 1e-030 1e-030 1e-030 0.479286 
1e-030 1e-030 1e-030 1e-030 1e-030 1e-030 1e-030 1e-030 1e-030 1e-030 1e-030 1e-030 1e-030 1e-030 0.141752 1e-030 1e-030 0.17165 1e-030 1e-030 1e-030 1e-030 1e-030 9.27529e-008 0.343299 0.17165 1e-030 1e-030 0.17165 1e-030 1e-030 7.11281e-170 
1e-030 0.219512 1e-030 0.0731707 1e-030 0.0487805 1e-030 0.0487805 1e-030 1e-030 1e-030 1e-030 1e-030 0.0487805 1e-030 1e-030 0.0487805 0.0243902 1e-030 1e-030 0.0487805 1e-030 1e-030 0.341463 0.0487805 1.25353e-029 1e-030 1e-030 3.27061e-233 1e-030 1e-030 0.0487805 
1e-030 1e-030 1e-030 1e-030 1e-030 0.331284 1e-030 1e-030 1e-030 1e-030 1e-030 1e-030 1e-030 1e-030 1e-030 1e-030 1e-030 1e-030 1e-030 1e-030 1e-030 1e-030 1e-030 0.00614836 1e-030 1e-030 1e-030 1.47604e-299 1e-030 1.79464e-105 0.662568 3.37317e-011 
1e-030 1e-030 1e-030 1e-030 1e-030 1e-030 1e-030 1e-030 1e-030 1e-030 1e-030 1e-030 1e-030 1e-030 8.59271e-239 1e-030 1e-030 1e-030 1e-030 1e-030 9.55728e-167 1e-030 1e-030 0.36894 6.49595e-278 1e-030 1e-030 0.0885936 8.59271e-239 0.0773602 1.48672e-009 0.465106 
1e-030 1e-030 1e-030 1e-030 1e-030 1e-030 1e-030 1e-030 1e-030 1e-030 1e-030 1e-030 1e-030 1e-030 1e-030 1e-030 1e-030 1e-030 1e-030 1e-030 0.0022975 1e-030 1e-030 0.32991 4.42694e-278 1e-030 1e-030 0.304497 3.19333e-299 2.08211e-005 2.79498e-028 0.363275 
1e-030 1e-030 1e-030 1e-030 1e-030 7.19054e-037 1e-030 3.41731e-237 1e-030 1e-030 1e-030 1e-030 1e-030 1e-030 0.0325934 1e-030 1e-030 1e-030 1e-030 1e-030 0.0318912 1e-030 1e-030 0.525404 0.0325934 1e-030 1e-030 4.50898e-015 0.0651867 1.04335e-273 0.195555 0.116777 
1e-030 0.241378 1e-030 0.0689651 1e-030 0.103448 1e-030 0.0344826 1e-030 1e-030 1e-030 1e-030 1e-030 1e-030 0.0344826 1e-030 0.0689651 0.13793 0.0344826 1e-030 0.0344826 1e-030 1e-030 0.0689651 2.73543e-157 1e-030 1e-030 0.0344826 1.70498e-316 1e-030 5.56622e-006 0.13793 
1e-030 1e-030 1e-030 1e-030 1e-030 1e-030 1e-030 1e-030 1e-030 1e-030 1e-030 1e-030 1e-030 1e-030 1e-030 1e-030 1e-030 1e-030 1e-030 1e-030 1e-030 1e-030 1e-030 0.414214 1e-030 1e-030 1e-030 1e-030 1e-030 1e-030 1.50567e-182 0.585786 
1e-030 1e-030 1e-030 1e-030 1e-030 1e-030 1e-030 1e-030 1e-030 1e-030 1e-030 1e-030 1e-030 1e-030 1e-030 1e-030 3.83121e-164 1e-030 1e-030 1e-030 1e-030 1e-030 1e-030 0.999998 1e-030 1e-030 1e-030 1e-030 1e-030 1e-030 1.65332e-006 3.29272e-009 
1e-030 1e-030 1e-030 1e-030 1e-030 1e-030 1e-030 1e-030 1e-030 1e-030 1e-030 1e-030 1e-030 1e-030 0.111111 1e-030 0.222222 0.222222 1e-030 1e-030 1e-030 1e-030 1e-030 1.46917e-020 1e-030 1e-030 1e-030 1e-030 1e-030 1e-030 0.444444 1.7813e-306 
1e-030 1e-030 1e-030 1e-030 1e-030 1e-030 1e-030 1e-030 1e-030 1e-030 1e-030 1e-030 1e-030 1e-030 9.93682e-130 1e-030 1.54192e-178 2.13611e-235 1e-030 1e-030 1e-030 1e-030 1e-030 1 1e-030 1e-030 1e-030 1e-030 1e-030 1e-030 7.86416e-017 4.60468e-023 
1e-030 0.158741 1e-030 0.0396851 1e-030 1e-030 1e-030 1e-030 1e-030 1e-030 1e-030 1e-030 1e-030 1e-030 0.0595277 1e-030 0.138898 2.46458e-194 0.0198426 1e-030 0.0198426 1e-030 1e-030 0.265825 1e-030 1e-030 0.0198426 0.0198426 1e-030 1e-030 0.0595277 0.198426 
1e-030 1e-030 1e-030 1e-030 1e-030 1e-030 1e-030 1e-030 1e-030 1e-030 1e-030 1e-030 1e-030 1e-030 1e-030 1e-030 2.54067e-224 8.46897e-225 1e-030 1e-030 1e-030 1e-030 1e-030 2.60319e-009 1e-030 1e-030 1e-030 0.576365 1e-030 1e-030 1.99322e-254 0.423635 
1e-030 1e-030 1e-030 1e-030 1e-030 1e-030 1e-030 1e-030 1e-030 1e-030 1e-030 1e-030 1e-030 1e-030 1e-030 1e-030 5.18683e-096 4.92543e-311 1e-030 1e-030 1e-030 1e-030 1e-030 0.380724 1e-030 1e-030 1e-030 0.196252 1e-030 1e-030 8.45669e-226 0.423023 
1e-030 1e-030 1e-030 1e-030 1e-030 1e-030 1e-030 1e-030 1e-030 1e-030 1e-030 1e-030 1e-030 1e-030 6.79638e-318 1e-030 0.428552 0.142851 1e-030 1e-030 1e-030 1e-030 1e-030 2.55576e-059 1e-030 1e-030 1e-030 3.43025e-005 1e-030 1e-030 0.285701 0.142862 
1e-030 1e-030 1e-030 1e-030 1e-030 1e-030 1e-030 1e-030 1e-030 1e-030 1e-030 1e-030 1e-030 1e-030 1.44829e-279 1e-030 1e-030 1.14194e-193 1e-030 1e-030 1e-030 1e-030 1e-030 0.952381 1e-030 1e-030 1e-030 0.047619 1e-030 1e-030 1.918e-023 4.36175e-031 
1e-030 0.322581 1e-030 1e-030 1e-030 0.0322581 1e-030 0.0322581 1e-030 1e-030 1e-030 1e-030 1e-030 0.0322581 0.0967742 1e-030 0.0967742 0.0967742 1e-030 0.0322581 1e-030 0.0322581 1e-030 0.0322581 0.0322581 1e-030 1e-030 1.75688e-011 1e-030 1e-030 0.0967742 0.0645161 
1e-030 1e-030 1e-030 1e-030 1e-030 1e-030 1e-030 6.04575e-186 1e-030 1e-030 1e-030 1e-030 1e-030 1e-030 2.7561e-186 1e-030 1e-030 2.16537e-244 1e-030 1e-030 1e-030 1e-030 1e-030 0.694361 1.10969e-243 1e-030 1e-030 1.85212e-013 1e-030 1e-030 6.04575e-186 0.305639 
1e-030 1e-030 1e-030 1e-030 1e-030 1e-030 1e-030 1e-030 1e-030 1e-030 1e-030 1e-030 1e-030 1e-030 3.63681e-186 1e-030 1e-030 2.4705e-243 1e-030 1e-030 1e-030 1e-030 1e-030 0.702114 4.63928e-215 1e-030 1e-030 0.000517726 1e-030 1e-030 2.28641e-135 0.297368 
1e-030 1e-030 1e-030 1e-030 1e-030 1e-030 1e-030 2.18982e-029 1e-030 1e-030 1e-030 1e-030 1e-030 1e-030 6.7436e-125 1e-030 1e-030 1.38505e-214 1e-030 1e-030 1e-030 1e-030 1e-030 0.175428 4.19396e-186 1e-030 1e-030 0.507705 1e-030 6.15786e-287 0.0411528 0.275714 
1e-030 2.39202e-221 1e-030 7.68787e-061 1e-030 1e-030 1e-030 0.0337548 1e-030 1e-030 1e-030 1e-030 1e-030 1e-030 0.0675096 1e-030 1e-030 0.0675096 1e-030 1e-030 1e-030 1e-030 1e-030 0.705859 0.0337548 1e-030 1e-030 2.43036e-007 1e-030 6.1779e-009 0.0916122 7.20275e-028 
1e-030 0.178247 1e-030 0.0712988 1e-030 1e-030 1e-030 6.8577e-100 1e-030 1e-030 1e-030 1e-030 1e-030 1e-030 0.142598 1e-030 0.0712988 0.106948 0.106948 1e-030 1e-030 1e-030 1e-030 0.145758 3.99624e-046 1e-030 1e-030 3.32348e-193 1e-030 0.0356494 0.0699553 0.0712988 
1e-030 1e-030 1e-030 1e-030 1e-030 1e-030 1e-030 1e-030 1e-030 1e-030 1e-030 1e-030 1e-030 1e-030 1e-030 1e-030 1e-030 1e-030 1e-030 1e-030 1e-030 1e-030 1e-030 4.38851e-023 1 1e-030 1e-030 1e-030 1e-030 1e-030 1e-030 1e-030 
1e-030 1e-030 1e-030 1e-030 1e-030 1e-030 1e-030 1e-030 1e-030 1e-030 1e-030 1e-030 1e-030 1e-030 1e-030 1e-030 1e-030 1e-030 1e-030 1e-030 1e-030 1e-030 1e-030 0.871024 1e-030 1e-030 1e-030 0.0312179 1e-030 1e-030 0.0312179 0.0665408 
1e-030 1e-030 1e-030 1e-030 1e-030 1e-030 1e-030 1e-030 1e-030 1e-030 1e-030 1e-030 1e-030 1e-030 1.48466e-122 1e-030 1e-030 3.51179e-265 1e-030 1e-030 1e-030 1e-030 1e-030 0.181338 8.34415e-012 2.9365e-093 1e-030 1.13315e-047 1e-030 1e-030 6.98336e-029 0.818662 
1e-030 1e-030 1e-030 1e-030 1e-030 1e-030 1e-030 1e-030 1e-030 1e-030 1e-030 1e-030 1e-030 1e-030 0.00128883 1e-030 1e-030 9.97496e-071 1e-030 1e-030 1e-030 1e-030 1e-030 0.456514 0.270853 0.270701 1e-030 9.4555e-054 1e-030 1e-030 6.02502e-031 0.000644066 
1e-030 0.108704 1e-030 0.0869634 1e-030 1e-030 1e-030 1e-030 1e-030 1e-030 1e-030 1e-030 1e-030 1e-030 0.108601 1e-030 0.0217408 0.130445 1e-030 1e-030 1e-030 1e-030 1e-030 0.413078 0.0434867 1.71928e-005 1e-030 2.05702e-078 1e-030 1e-030 0.0652225 0.0217409 
1e-030 1e-030 1e-030 1e-030 1e-030 1e-030 1e-030 1e-030 1e-030 1e-030 1e-030 1e-030 1e-030 1e-030 1e-030 1e-030 1e-030 1e-030 1e-030 1e-030 1e-030 1e-030 1e-030 1.40222e-006 1e-030 1e-030 1e-030 1e-030 1e-030 0.499999 1e-030 0.499999 
1e-030 1e-030 1e-030 1e-030 1e-030 1e-030 1e-030 1e-030 1e-030 5.42668e-140 1e-030 1e-030 1e-030 1e-030 1e-030 1e-030 1e-030 2.7297e-262 1e-030 1e-030 1.99778e-233 1e-030 1e-030 0.866667 1.30945e-110 1e-030 1e-030 8.30713e-011 1e-030 7.3263e-009 1.0175e-063 0.133333 
1e-030 1e-030 1e-030 1e-030 1e-030 1e-030 1e-030 1e-030 1e-030 0.258667 1e-030 1e-030 1e-030 1e-030 1e-030 1e-030 1e-030 3.8757e-233 1e-030 1e-030 1e-030 1e-030 1e-030 2.6037e-008 0.129333 1e-030 1e-030 0.388 1e-030 1e-030 0.129333 0.0946657 
1e-030 3.27148e-243 1e-030 1.73523e-213 1e-030 1.65371e-049 1e-030 1e-030 1e-030 1.55975e-024 1e-030 1e-030 1e-030 1e-030 1e-030 1e-030 1e-030 0.0699381 1e-030 1e-030 0.0233127 1e-030 1e-030 0.792632 1e-030 1e-030 1e-030 0.0233127 1e-030 1e-030 0.0599006 0.0309037 
1e-030 0.518045 1e-030 0.230242 1e-030 0.0575606 1e-030 1e-030 1e-030 1e-030 1e-030 1e-030 1e-030 1e-030 1e-030 1e-030 1e-030 1e-030 1e-030 1e-030 1e-030 1e-030 1e-030 2.64019e-017 1e-030 1e-030 1e-030 1e-030 1e-030 1e-030 0.139905 0.0542471 
1e-030 1e-030 1e-030 1e-030 1e-030 1e-030 1e-030 1e-030 1e-030 1e-030 1e-030 1e-030 1e-030 1e-030 1.84893e-261 1e-030 1e-030 1e-030 1e-030 1e-030 1e-030 1e-030 1e-030 9.81042e-008 1e-030 1e-030 1e-030 1e-030 1e-030 0.272204 3.98716e-236 0.727796 
1e-030 1e-030 1e-030 1e-030 1e-030 1e-030 1e-030 1e-030 1e-030 1e-030 1e-030 1e-030 1e-030 1e-030 4.1464e-237 1e-030 1e-030 1e-030 1e-030 1e-030 1e-030 1e-030 1e-030 0.735996 1e-030 1e-030 1e-030 1e-030 1e-030 1.30433e-023 3.37754e-250 0.264004 
1e-030 1e-030 1e-030 1e-030 1e-030 1e-030 1e-030 1e-030 1e-030 1e-030 1e-030 1e-030 1e-030 1e-030 6.05749e-005 1e-030 1e-030 1e-030 1e-030 1e-030 2.10475e-064 1e-030 1e-030 2.09356e-013 1.39625e-186 1e-030 1e-030 1e-030 1e-030 0.561902 0.438037 8.76506e-175 
1e-030 1e-030 1e-030 1e-030 1e-030 5.32933e-062 1e-030 1e-030 1e-030 1e-030 1e-030 1e-030 1e-030 1e-030 0.0913542 1e-030 1e-030 1e-030 1e-030 1e-030 0.0304525 1e-030 1e-030 0.791765 0.0304525 1e-030 1e-030 1e-030 1e-030 2.1074e-222 0.0559759 4.95002e-251 
1e-030 0.439279 1e-030 0.263567 1e-030 0.263567 1e-030 1e-030 1e-030 1e-030 1e-030 1e-030 1e-030 1e-030 1e-030 1e-030 1e-030 1e-030 1e-030 1e-030 1e-030 1e-030 1e-030 9.7867e-037 1e-030 1e-030 1e-030 1e-030 1e-030 1e-030 0.0335872 1e-030 
1e-030 1e-030 1e-030 1e-030 1e-030 1e-030 1e-030 1e-030 1e-030 1e-030 1e-030 1e-030 1e-030 1e-030 1e-030 1e-030 1e-030 1e-030 1e-030 1e-030 1e-030 1e-030 1e-030 0.665397 1e-030 1e-030 1e-030 1.95915e-019 1e-030 1e-030 0.332698 0.00190419 
1e-030 1e-030 1e-030 1e-030 1e-030 1e-030 1e-030 1e-030 1e-030 1e-030 1e-030 1e-030 1e-030 1e-030 1e-030 1e-030 1e-030 1.35733e-203 1e-030 1e-030 1e-030 1e-030 1e-030 0.333439 1e-030 1e-030 1e-030 0.0555732 1e-030 8.23375e-104 6.16706e-008 0.610987 
1e-030 1e-030 1e-030 1e-030 1e-030 1e-030 2.67073e-290 1e-030 1e-030 1e-030 1e-030 1e-030 1e-030 1e-030 1e-030 1e-030 1e-030 3.71836e-173 1e-030 1e-030 1e-030 1e-030 1e-030 7.64759e-073 1e-030 1e-030 1e-030 1e-030 1e-030 1 2.42058e-211 1.69348e-070 
1e-030 1e-030 1e-030 1e-030 1e-030 1e-030 1.51769e-051 1e-030 1e-030 1e-030 1e-030 1e-030 1e-030 1e-030 1e-030 1e-030 1e-030 0.14916 1e-030 1e-030 1e-030 1e-030 1e-030 0.745661 1e-030 1e-030 1e-030 0.0370222 1e-030 8.60286e-094 0.0681567 1e-030 
1e-030 1e-030 1e-030 0.0552742 1e-030 1e-030 0.138186 0.0276371 1e-030 1e-030 1e-030 1e-030 1e-030 1e-030 0.0552742 1e-030 0.110548 0.0276371 1e-030 1e-030 1e-030 0.0276371 1e-030 0.248839 1e-030 1e-030 1e-030 0.000198542 1e-030 1.60431e-249 0.115309 0.19346 
1e-030 1e-030 1e-030 1e-030 1e-030 1e-030 1e-030 1e-030 1e-030 1e-030 1e-030 1e-030 1e-030 1e-030 1e-030 1e-030 1e-030 1e-030 1e-030 1e-030 1e-030 1e-030 1e-030 0.904504 1e-030 1e-030 1e-030 1e-030 1e-030 1e-030 1.23795e-190 0.0954962 
1e-030 1e-030 1e-030 1e-030 1e-030 1e-030 1e-030 1e-030 1e-030 1e-030 1e-030 1e-030 1e-030 1e-030 1e-030 1e-030 1e-030 6.29621e-159 1e-030 1e-030 1.95792e-199 1e-030 1e-030 0.287066 1e-030 1e-030 1e-030 2.25022e-042 1e-030 1e-030 8.61698e-009 0.712934 
1e-030 1.6955e-229 1e-030 3.96928e-143 1e-030 8.58958e-201 1e-030 1e-030 1e-030 1e-030 1e-030 1e-030 1e-030 1e-030 5.2077e-230 1e-030 1e-030 9.10843e-007 1e-030 1e-030 5.77162e-031 1e-030 1e-030 0.0129223 1e-030 1e-030 1e-030 0.503168 1e-030 1e-030 0.483835 7.33359e-005 
1e-030 1.76364e-201 1e-030 2.89445e-081 1e-030 6.9869e-110 1e-030 1e-030 1e-030 1e-030 1e-030 1e-030 1e-030 1e-030 5.21064e-230 1e-030 2.49265e-288 0.172186 1e-030 1e-030 0.0344373 1e-030 1e-030 0.720529 1e-030 1e-030 1e-030 3.05153e-006 1e-030 1e-030 0.072844 2.13495e-104 
1e-030 0.0400001 1e-030 0.0800003 1e-030 0.0400001 1e-030 1e-030 1e-030 1e-030 1e-030 1e-030 1e-030 1e-030 0.0800003 1e-030 0.0800003 0.12 1e-030 1e-030 0.0400001 1e-030 1e-030 7.4448e-011 1e-030 0.0400001 1e-030 0.119997 1e-030 1e-030 0.280001 0.0800003 
1e-030 1e-030 1e-030 1e-030 1e-030 1e-030 1e-030 1e-030 1e-030 1e-030 1e-030 1e-030 1e-030 1e-030 1e-030 1e-030 1e-030 1e-030 1e-030 1e-030 1e-030 1e-030 1e-030 1.81007e-019 1e-030 1e-030 1e-030 0.180817 1e-030 1e-030 0.180818 0.638365 
1e-030 1e-030 1e-030 1e-030 1e-030 1e-030 1e-030 1e-030 1e-030 1e-030 1e-030 1e-030 1e-030 1e-030 4.1921e-163 1e-030 1e-030 1.76321e-192 1e-030 1e-030 1e-030 1e-030 1e-030 0.504148 1e-030 1e-030 1e-030 4.95822e-007 1e-030 1e-030 7.65686e-088 0.495851 
1e-030 1e-030 1e-030 1e-030 1e-030 1e-030 1e-030 1e-030 1e-030 1e-030 1e-030 1e-030 1e-030 1e-030 1e-030 1e-030 1e-030 5.78238e-163 1e-030 1e-030 1e-030 1e-030 1e-030 0.636904 1e-030 1e-030 1e-030 0.363096 1e-030 1e-030 1.16598e-113 1.24332e-010 
1e-030 1e-030 1e-030 1e-030 1e-030 5.66288e-256 1e-030 1e-030 1e-030 6.10937e-014 1e-030 1e-030 1e-030 1e-030 0.0384754 1e-030 0.0384754 0.230853 1e-030 1e-030 1e-030 1e-030 1e-030 0.555958 1e-030 1e-030 1e-030 0.0398051 1e-030 1e-030 0.0384754 0.0579582 
1e-030 1e-030 1e-030 0.109116 1e-030 0.327349 1e-030 0.0363721 1e-030 0.0363721 1e-030 1e-030 1e-030 0.0363721 0.109116 1e-030 0.109116 0.109116 1e-030 1e-030 1e-030 1e-030 1e-030 1.92924e-035 1e-030 1e-030 1e-030 7.5649e-096 1e-030 1e-030 0.0727441 0.0543265 
1e-030 1e-030 1e-030 1e-030 1e-030 1e-030 1e-030 1e-030 1e-030 1e-030 1e-030 1e-030 1e-030 1e-030 1e-030 1e-030 1e-030 1e-030 1e-030 1e-030 1e-030 1e-030 1e-030 6.17606e-048 1e-030 1e-030 1e-030 0.400546 1e-030 1e-030 1e-030 0.599454 
1e-030 1e-030 1e-030 1e-030 1e-030 1e-030 1e-030 1e-030 1e-030 1e-030 1e-030 1e-030 1e-030 1e-030 1e-030 1e-030 1e-030 1e-030 1e-030 1e-030 1e-030 1e-030 1e-030 0.496327 2.21116e-196 1e-030 1e-030 2.9073e-043 1e-030 1e-030 0.0992507 0.404422 
1e-030 1e-030 1e-030 1e-030 1e-030 1e-030 1e-030 1e-030 1e-030 1e-030 1e-030 1e-030 1e-030 1e-030 1e-030 1e-030 1.12175e-036 2.71391e-298 1e-030 1e-030 1e-030 1e-030 1e-030 0.17499 0.0874927 1e-030 1e-030 0.437464 1e-030 1e-030 1.39407e-005 0.300039 
1e-030 1e-030 1e-030 1e-030 1e-030 1e-030 1e-030 1e-030 1e-030 1e-030 1e-030 1e-030 1e-030 1e-030 1e-030 1e-030 0.219288 0.087715 1e-030 1e-030 1e-030 1e-030 1e-030 0.692997 5.29705e-063 1e-030 1e-030 8.69365e-083 1e-030 1e-030 1.84022e-288 1e-030 
1e-030 1e-030 1e-030 1e-030 0.0523575 0.104715 1e-030 0.0261788 1e-030 1e-030 1e-030 1e-030 1e-030 0.104715 1e-030 1e-030 0.0523575 0.0523575 1e-030 1e-030 1e-030 1e-030 1e-030 0.109922 0.20943 1e-030 1e-030 0.104715 1e-030 1e-030 0.157073 0.0261788 
1e-030 1e-030 1e-030 1e-030 1e-030 1e-030 1e-030 1e-030 1e-030 1e-030 1e-030 1e-030 1e-030 1e-030 1e-030 1e-030 1e-030 1e-030 1e-030 1e-030 1e-030 1e-030 1e-030 0.476851 0.00211136 1e-030 1e-030 0.0928239 1e-030 2.25824e-010 0.00255156 0.425662 
1e-030 1e-030 1e-030 1e-030 1e-030 1e-030 1e-030 1e-030 1e-030 1e-030 1e-030 1e-030 1e-030 1e-030 1e-030 1e-030 1e-030 1e-030 1e-030 1e-030 1e-030 1e-030 1e-030 0.372622 0.0633732 1e-030 1e-030 1.82785e-005 1e-030 0.0320509 0.0312336 0.500702 
1e-030 1e-030 1e-030 1e-030 1e-030 1e-030 1e-030 1e-030 1e-030 1e-030 1e-030 1e-030 1e-030 1e-030 1e-030 1e-030 1e-030 1e-030 1e-030 1e-030 1e-030 1e-030 1e-030 0.526636 2.70214e-067 5.05679e-120 1e-030 1e-030 1e-030 2.60186e-012 0.00047004 0.472894 
1e-030 1e-030 1e-030 1e-030 1e-030 1e-030 1e-030 1e-030 1e-030 1e-030 1e-030 1e-030 1e-030 1e-030 1e-030 1e-030 2.69976e-119 1.93298e-036 1e-030 1e-030 1e-030 1e-030 1e-030 0.722177 1e-030 6.3611e-008 1e-030 1e-030 1e-030 2.81957e-065 0.276698 0.00112477 
1e-030 1e-030 1e-030 1e-030 1e-030 0.0268734 1e-030 1e-030 1e-030 1e-030 1e-030 1e-030 1e-030 1e-030 1e-030 1e-030 0.0537467 0.0806201 1e-030 1e-030 1e-030 1e-030 1e-030 0.585226 1e-030 0.0537467 1e-030 1e-030 1e-030 5.28435e-292 0.199787 4.45581e-020 
1e-030 1e-030 1e-030 1e-030 1e-030 1e-030 1e-030 1e-030 1e-030 1e-030 1e-030 1e-030 1e-030 2.11184e-204 1e-030 1e-030 1e-030 1e-030 1e-030 1e-030 1e-030 1e-030 1e-030 0.246597 1e-030 1e-030 1e-030 0.114316 1e-030 1e-030 0.152421 0.486665 
1e-030 1e-030 1e-030 1e-030 1e-030 1e-030 1e-030 1e-030 1e-030 1e-030 1e-030 1e-030 1e-030 1.13051e-060 1e-030 1e-030 1e-030 1.0987e-239 1e-030 1e-030 1e-030 1e-030 1e-030 0.522207 1e-030 1e-030 1e-030 3.21491e-011 1e-030 1e-030 3.6395e-007 0.477793 
1e-030 1e-030 1e-030 1e-030 1e-030 1e-030 1e-030 1e-030 1e-030 1e-030 1e-030 1e-030 1e-030 0.0152146 1e-030 1e-030 1e-030 1.38406e-044 1e-030 1e-030 1e-030 1e-030 1e-030 1.57536e-006 1e-030 1e-030 1e-030 0.55524 3.0765e-241 1e-030 0.429544 6.70052e-033 
1e-030 1e-030 1e-030 1e-030 1e-030 1e-030 1e-030 1e-030 1e-030 1.84082e-064 1e-030 1e-030 1e-030 0.0434087 1e-030 1e-030 1e-030 0.223159 1e-030 1e-030 1e-030 1e-030 1e-030 0.535581 0.0446317 1e-030 1e-030 0.0444816 0.0446317 1e-030 0.0641068 1.84793e-112 
1e-030 1e-030 0.0359798 0.251858 1e-030 0.143919 1e-030 1e-030 1e-030 0.0719595 1e-030 1e-030 1e-030 1e-030 0.107939 1e-030 1e-030 1e-030 1e-030 1e-030 0.0359798 1e-030 1e-030 1.02387e-198 2.21854e-026 1e-030 1e-030 0.000120997 1e-030 1e-030 0.352243 1e-030 
1e-030 1e-030 1e-030 1e-030 1e-030 1e-030 1e-030 1e-030 1e-030 1e-030 1e-030 1e-030 1e-030 1e-030 1e-030 1e-030 1e-030 1e-030 1e-030 1e-030 1e-030 1e-030 1e-030 0.107823 1e-030 1e-030 1e-030 5.59174e-016 1e-030 1e-030 0.0481057 0.844071 
1e-030 1e-030 1e-030 1e-030 1e-030 1e-030 1e-030 1e-030 1e-030 1e-030 1e-030 1e-030 1e-030 1e-030 1e-030 1e-030 1e-030 1e-030 1e-030 1e-030 1e-030 1e-030 1e-030 0.6569 1e-030 1e-030 1e-030 0.000231476 1e-030 1e-030 9.95776e-007 0.342867 
1e-030 1e-030 1e-030 1e-030 1e-030 1e-030 1e-030 1e-030 1e-030 1e-030 1e-030 1e-030 1e-030 1e-030 1e-030 1e-030 1e-030 1e-030 1e-030 1e-030 1e-030 1e-030 1e-030 0.526219 1.25121e-058 6.50932e-176 1e-030 0.294103 1e-030 1e-030 0.0840774 0.0956012 
1e-030 1e-030 1e-030 1e-030 1e-030 1e-030 1e-030 1e-030 1e-030 1e-030 1e-030 1e-030 1e-030 1e-030 1e-030 1e-030 1e-030 6.13154e-100 1e-030 1e-030 1e-030 1e-030 1e-030 0.756066 1.62334e-005 6.08992e-019 1e-030 0.0970111 1e-030 1e-030 4.27682e-009 0.146907 
1e-030 1e-030 1e-030 1e-030 1e-030 1e-030 1e-030 1e-030 1e-030 1e-030 1e-030 1e-030 1e-030 1e-030 1e-030 1e-030 0.0241271 0.168889 1e-030 1e-030 1e-030 1e-030 1e-030 0.498092 0.120633 0.0482541 1e-030 0.140004 1e-030 1e-030 8.64429e-040 8.54183e-007 
1e-030 1e-030 1e-030 1e-030 1e-030 1e-030 1e-030 1e-030 1e-030 1e-030 1e-030 6.93355e-179 1e-030 1e-030 1e-030 1e-030 1.02128e-207 5.96904e-294 1e-030 1e-030 1e-030 1e-030 1e-030 0.150739 1e-030 1.56103e-178 1e-030 0.0385251 1e-030 1e-030 2.44749e-178 0.810736 
1e-030 1e-030 1e-030 1e-030 1e-030 1e-030 1e-030 1e-030 1e-030 1e-030 1e-030 4.12996e-178 1e-030 1e-030 1e-030 1e-030 4.82312e-178 5.54522e-293 1e-030 1e-030 1e-030 1e-030 1e-030 0.57284 1e-030 2.16583e-178 1e-030 3.63157e-009 1e-030 1e-030 1e-030 0.42716 
1e-030 1e-030 1e-030 1e-030 1e-030 1e-030 1e-030 1e-030 1e-030 1e-030 1e-030 1.16673e-178 1e-030 1e-030 1e-030 1e-030 5.34394e-177 8.91267e-206 1e-030 1e-030 1e-030 1e-030 1e-030 0.000982216 1e-030 1.85525e-300 1e-030 2.5717e-079 1e-030 1e-030 3.60393e-026 0.999018 
1e-030 1e-030 1e-030 1e-030 1e-030 1e-030 1e-030 1e-030 1e-030 1e-030 1e-030 5.23841e-056 1e-030 1e-030 1e-030 1e-030 3.2114e-245 6.35296e-177 1e-030 1e-030 1e-030 1e-030 1e-030 9.66183e-037 1e-030 1.07444e-007 1e-030 1e-030 1e-030 1e-030 0.999882 0.000117444 
1e-030 1e-030 1e-030 1e-030 1e-030 0.152174 1e-030 1e-030 1e-030 0.108695 1e-030 0.0217391 1e-030 1e-030 0.0652172 1e-030 0.0869563 0.0652172 1e-030 1e-030 1e-030 1e-030 1e-030 0.23913 0.152174 0.0217391 1e-030 1e-030 0.0217391 1e-030 0.0652198 1.59959e-026 
1e-030 1e-030 1e-030 1e-030 1e-030 1e-030 1e-030 1e-030 1e-030 1e-030 1e-030 1e-030 1e-030 1e-030 1e-030 1e-030 1e-030 1e-030 1e-030 1e-030 1e-030 1e-030 1e-030 0.282827 1e-030 1e-030 1e-030 0.110597 1e-030 1e-030 1.5217e-105 0.606576 
1e-030 1e-030 1e-030 1e-030 1e-030 1e-030 1e-030 1e-030 1e-030 1e-030 1e-030 1e-030 1e-030 1e-030 1e-030 1e-030 1e-030 4.71121e-155 1e-030 1e-030 3.09477e-248 1e-030 1.83287e-125 0.574044 3.74136e-272 1e-030 1e-030 4.68586e-006 1.83287e-125 1e-030 1.02328e-013 0.425951 
1e-030 1e-030 1e-030 1e-030 1e-030 1e-030 1e-030 1e-030 1e-030 1e-030 1e-030 1e-030 1e-030 1e-030 1e-030 1e-030 1e-030 1.08633e-124 1e-030 1e-030 1.4159e-212 1e-030 1.00978e-286 0.000524462 2.07461e-275 1e-030 1e-030 1e-030 3.01076e-030 1e-030 0.999476 2.66245e-016 
1e-030 1e-030 1e-030 1e-030 1e-030 1e-030 1e-030 1e-030 1e-030 1e-030 1e-030 1e-030 1e-030 1e-030 1e-030 1e-030 1e-030 0.428571 1e-030 1e-030 0.142857 1e-030 0.142857 3.69433e-007 1.7701e-210 1e-030 1e-030 1e-030 0.285714 1e-030 3.02378e-007 1.21434e-112 
1e-030 1e-030 1e-030 1e-030 1e-030 1e-030 1e-030 1e-030 1e-030 1e-030 1e-030 1e-030 1e-030 1e-030 1e-030 1e-030 1e-030 9.15874e-186 1e-030 1e-030 1.16596e-043 1e-030 1e-030 0.916667 0.0833333 1e-030 1e-030 1e-030 3.12846e-008 1e-030 1e-030 1e-030 
1e-030 1e-030 1e-030 1e-030 1e-030 1e-030 1e-030 1e-030 1e-030 1e-030 1e-030 1e-030 1e-030 1e-030 1e-030 1e-030 1e-030 1e-030 1e-030 1e-030 1e-030 1e-030 1e-030 0.367588 1e-030 1e-030 1e-030 0.191169 1e-030 1e-030 3.96918e-173 0.441243 
1e-030 1e-030 1e-030 1e-030 1e-030 1e-030 1e-030 1e-030 1e-030 1e-030 1e-030 1e-030 1e-030 1e-030 1e-030 1e-030 1e-030 1e-030 1e-030 1e-030 1e-030 1e-030 1e-030 0.40924 1e-030 1e-030 1e-030 0.0303277 1e-030 1e-030 3.33134e-020 0.560433 
1e-030 1e-030 1e-030 1e-030 1e-030 1e-030 1e-030 1e-030 1e-030 1e-030 1e-030 1e-030 1e-030 1e-030 1e-030 1e-030 0.7 1e-030 1e-030 1e-030 1e-030 1e-030 1e-030 2.4892e-013 7.46938e-164 1e-030 1e-030 0.1 1e-030 1e-030 0.2 2.19376e-171 
1e-030 1e-030 1e-030 1e-030 1e-030 1e-030 1e-030 1e-030 1e-030 1e-030 1e-030 1e-030 1e-030 1e-030 1e-030 1e-030 2.86975e-139 1e-030 1e-030 1e-030 1e-030 1e-030 1e-030 0.888889 0.111111 3.46866e-264 1e-030 1e-030 1e-030 1e-030 1.17644e-010 1e-030 
1e-030 1e-030 1e-030 1e-030 1e-030 1e-030 1e-030 0.133333 1e-030 1e-030 1e-030 1e-030 1e-030 1e-030 1e-030 1e-030 1e-030 1e-030 1e-030 1e-030 1e-030 1e-030 1e-030 2.69626e-028 0.133333 0.0666667 1e-030 1e-030 1e-030 1e-030 0.666667 1e-030 
1e-030 1e-030 1e-030 1e-030 1e-030 1e-030 1e-030 1e-030 1e-030 1e-030 1e-030 1e-030 1e-030 1e-030 1e-030 1e-030 1e-030 1e-030 1e-030 1e-030 1e-030 1e-030 1e-030 0.253003 1e-030 1e-030 1e-030 7.89058e-213 1e-030 1e-030 1e-030 0.746997 
1e-030 1e-030 1e-030 1e-030 1e-030 1e-030 1e-030 1e-030 1e-030 1e-030 1e-030 1e-030 1e-030 1e-030 1e-030 1e-030 1e-030 1e-030 4.40194e-301 1e-030 1e-030 1e-030 1e-030 0.561719 1e-030 1e-030 1e-030 1.85792e-019 1e-030 1e-030 1.07798e-267 0.438281 
1e-030 1e-030 1e-030 1e-030 1e-030 1e-030 1e-030 1e-030 1e-030 1e-030 1e-030 1e-030 1e-030 1e-030 1e-030 1e-030 1e-030 2.33932e-005 0.249994 1e-030 1e-030 1e-030 1e-030 8.19e-020 1e-030 1e-030 1e-030 0.499988 1e-030 1e-030 0.249994 3.30419e-103 
1e-030 1e-030 1e-030 1e-030 1e-030 1e-030 1e-030 1e-030 1e-030 1e-030 1e-030 1e-030 1e-030 1e-030 1e-030 1e-030 0.038738 0.232424 1.36571e-031 1e-030 1e-030 1e-030 1e-030 0.728838 1e-030 1e-030 1e-030 1e-030 1e-030 1e-030 8.04133e-039 2.34057e-071 
1e-030 0.026188 1e-030 0.0523759 1e-030 0.0523759 1e-030 0.026188 1e-030 1e-030 1e-030 1e-030 1e-030 0.0523759 1e-030 1e-030 0.0523759 0.0523759 0.13094 1e-030 1e-030 1e-030 1e-030 0.109609 1e-030 1e-030 1e-030 0.157128 0.026188 1e-030 0.235692 0.026188 
1e-030 1e-030 1e-030 1e-030 1e-030 1e-030 1e-030 1e-030 1e-030 1e-030 1e-030 1e-030 1e-030 1e-030 1e-030 1e-030 1e-030 1e-030 1e-030 1e-030 1e-030 1e-030 1e-030 0.509574 1e-030 1e-030 1e-030 9.77023e-009 1e-030 1e-030 7.91625e-028 0.490426 
1e-030 1e-030 1e-030 1e-030 1e-030 1e-030 1e-030 1e-030 1e-030 5.71244e-052 1e-030 1e-030 1e-030 1e-030 1e-030 1e-030 1e-030 5.66443e-190 1e-030 1e-030 1e-030 1e-030 1e-030 0.490939 1e-030 1e-030 1e-030 0.0403084 1e-030 1e-030 0.000254637 0.468498 
1e-030 1e-030 1e-030 1e-030 1e-030 1e-030 1e-030 1e-030 1e-030 0.109398 1e-030 1e-030 1e-030 1e-030 5.44982e-014 1e-030 3.29494e-052 0.218307 1e-030 1e-030 1e-030 1e-030 1e-030 0.143467 1e-030 1e-030 1e-030 1.77218e-036 1e-030 1e-030 0.528827 8.02127e-008 
1e-030 1e-030 1e-030 1e-030 1e-030 1.43426e-043 1e-030 2.72863e-272 1e-030 2.36538e-012 1e-030 1e-030 1e-030 1e-030 0.0394485 1e-030 0.0788969 0.0396251 1e-030 1e-030 1e-030 1e-030 1e-030 0.788967 1e-030 1e-030 1e-030 5.56855e-167 1e-030 1e-030 0.0530623 3.7156e-043 
1e-030 0.26575 1e-030 0.05315 1e-030 0.1063 1e-030 0.1063 1e-030 1e-030 1e-030 1e-030 1e-030 1e-030 0.05315 1e-030 1.96105e-310 1.65034e-178 1e-030 1e-030 1e-030 1e-030 1e-030 2.67402e-006 1e-030 1e-030 1e-030 1e-030 1e-030 1e-030 0.415347 1e-030 
1e-030 1e-030 1e-030 1e-030 1e-030 1e-030 1e-030 1e-030 1e-030 1e-030 1e-030 1e-030 1e-030 1e-030 1e-030 1e-030 1.93899e-285 5.81698e-285 1e-030 1e-030 1e-030 1e-030 1e-030 0.647162 1e-030 1e-030 1e-030 0.352838 1e-030 1e-030 2.37532e-137 2.24946e-011 
1e-030 1e-030 1e-030 1e-030 1e-030 1e-030 1e-030 1e-030 1e-030 1e-030 1e-030 1e-030 1e-030 1e-030 1e-030 1e-030 1.31293e-119 5.30938e-260 1e-030 1e-030 1e-030 1e-030 1e-030 0.889903 1e-030 1e-030 1e-030 3.05002e-009 3.02514e-286 1e-030 0.0550484 0.0550484 
1e-030 1e-030 1e-030 1e-030 1e-030 1e-030 1e-030 1e-030 1e-030 1e-030 1e-030 1e-030 1e-030 1e-030 1e-030 1e-030 0.204988 0.590024 1e-030 1e-030 1e-030 1e-030 1e-030 1.85811e-012 1e-030 1e-030 1e-030 0.204988 6.44192e-016 1e-030 7.81567e-249 1e-030 
1e-030 2.25732e-242 1e-030 3.3977e-096 1e-030 6.53599e-067 1e-030 1e-030 1e-030 1e-030 1e-030 1e-030 1e-030 1e-030 1e-030 1e-030 1.30571e-049 0.0536574 1e-030 1e-030 1e-030 1e-030 1e-030 0.802831 2.9992e-011 1e-030 1e-030 9.37955e-143 0.0478372 1e-030 0.0956743 1e-030 
1e-030 0.104664 1e-030 0.183163 1e-030 0.0261661 1e-030 1e-030 1e-030 1e-030 1e-030 1e-030 1e-030 1e-030 0.0261661 0.0261661 0.0523322 0.183163 1e-030 1e-030 1e-030 0.0261661 1e-030 0.136519 0.13083 1e-030 1e-030 0.0261661 1.30442e-225 1e-030 0.0784982 1e-030 
1e-030 1e-030 1e-030 1e-030 1e-030 1e-030 1e-030 1e-030 1e-030 1e-030 1e-030 1e-030 1e-030 1e-030 1e-030 1e-030 1e-030 1e-030 1e-030 1e-030 1e-030 1e-030 1e-030 0.915855 1e-030 1e-030 1e-030 2.72034e-014 1e-030 0.00139629 0.0827484 1.33404e-042 
1e-030 1e-030 1e-030 1e-030 1e-030 1e-030 1e-030 1e-030 1e-030 1e-030 1e-030 1e-030 1e-030 1e-030 1e-030 1e-030 4.77288e-054 3.49676e-262 1e-030 1e-030 1e-030 1e-030 1e-030 0.619917 1e-030 1e-030 1e-030 0.0820192 1e-030 0.0438636 0.0473032 0.206897 
1e-030 1e-030 1e-030 1e-030 1e-030 1e-030 1e-030 1e-030 1e-030 1e-030 1e-030 1e-030 1e-030 1e-030 1.61115e-174 1e-030 7.94613e-005 9.47871e-010 1e-030 1e-030 1e-030 1e-030 1e-030 0.863279 1e-030 1e-030 1e-030 0.0379947 1e-030 2.36085e-019 0.0136294 0.085017 
1e-030 1e-030 1e-030 1.84247e-180 1e-030 1e-030 1e-030 1e-030 1e-030 1e-030 1e-030 1e-030 1e-030 1e-030 5.85509e-035 1e-030 0.0273114 0.0819614 1e-030 1e-030 1e-030 1e-030 1e-030 0.727097 1e-030 1e-030 1e-030 1.16663e-006 1e-030 1.4566e-115 0.163629 8.44972e-009 
1e-030 1e-030 1e-030 0.454546 1e-030 1e-030 0.0909092 0.0909092 1e-030 1e-030 1e-030 1e-030 1e-030 1e-030 0.181818 1e-030 1e-030 1e-030 1e-030 1e-030 1e-030 1e-030 1e-030 3.18675e-006 1e-030 1e-030 1e-030 0.181814 1e-030 1e-030 2.98846e-315 1e-030 
1e-030 1e-030 1e-030 1e-030 1e-030 1e-030 1e-030 1e-030 1e-030 1e-030 1e-030 1e-030 1e-030 1e-030 1e-030 1e-030 1e-030 1e-030 1e-030 1e-030 1e-030 1e-030 1e-030 1 1e-030 1e-030 1e-030 1e-030 1e-030 3.9086e-192 1e-030 5.84292e-033 
1e-030 1e-030 1e-030 1e-030 1e-030 1e-030 1e-030 1e-030 1e-030 1e-030 1e-030 1e-030 1e-030 1e-030 1e-030 1e-030 1.8079e-048 3.12197e-223 1e-030 1e-030 1e-030 1e-030 1e-030 0.958233 1e-030 1e-030 1e-030 1e-030 1e-030 5.71207e-005 1e-030 0.0417098 
1e-030 1e-030 1e-030 1e-030 1e-030 1e-030 1e-030 1e-030 1e-030 1e-030 1e-030 1e-030 1e-030 1e-030 1e-030 1e-030 0.281701 0.00708437 1e-030 1e-030 1e-030 1e-030 1e-030 0.419471 1e-030 1e-030 1e-030 1.48008e-266 1e-030 0.291744 4.7465e-028 2.53699e-033 
1e-030 1e-030 1e-030 1e-030 1e-030 1e-030 1e-030 1e-030 1e-030 1e-030 1e-030 1e-030 1e-030 1e-030 1e-030 1e-030 0.00370012 0.49667 1e-030 1e-030 1e-030 1e-030 1e-030 0.000542318 1e-030 1e-030 1e-030 1.49091e-060 1e-030 5.6104e-019 0.499087 1.07438e-111 
1e-030 1e-030 1e-030 1e-030 1e-030 1e-030 1e-030 1e-030 1e-030 1e-030 1e-030 1e-030 1e-030 1e-030 1e-030 1e-030 1e-030 1.55819e-095 1e-030 1e-030 1e-030 1e-030 1e-030 0.899976 1e-030 1e-030 1e-030 0.100024 1e-030 1e-030 5.81772e-008 1e-030 
1e-030 1e-030 1e-030 1e-030 1e-030 1e-030 1e-030 1e-030 1e-030 1e-030 1e-030 1e-030 1e-030 1e-030 1e-030 1e-030 1e-030 1e-030 1e-030 1e-030 1e-030 1e-030 1e-030 0.998555 1e-030 1e-030 1e-030 6.81129e-223 1e-030 1e-030 1e-030 0.00144529 
1e-030 1e-030 1e-030 1e-030 1e-030 1e-030 1e-030 1e-030 1e-030 1e-030 1e-030 1e-030 1e-030 1e-030 1e-030 1e-030 5.02239e-050 3.68351e-228 1e-030 1e-030 1e-030 1e-030 1e-030 0.786072 1e-030 1e-030 1e-030 4.74206e-006 1e-030 1e-030 1e-030 0.213923 
1e-030 1e-030 1e-030 1e-030 1e-030 1e-030 1e-030 1e-030 1e-030 1e-030 1e-030 1e-030 1e-030 1e-030 1e-030 1e-030 0.388708 0.219639 1e-030 1e-030 6.53099e-177 1e-030 1e-030 0.00296314 1e-030 1e-030 1e-030 0.388689 1e-030 1e-030 1e-030 5.27746e-019 
1e-030 1e-030 1e-030 1e-030 5.26443e-187 2.20485e-034 1e-030 1e-030 1e-030 1e-030 1e-030 1e-030 1e-030 1e-030 1e-030 1e-030 1.19557e-006 0.232962 1e-030 1e-030 0.0451105 1e-030 1e-030 0.721926 1e-030 1e-030 1e-030 3.65525e-022 1e-030 1e-030 1e-030 2.6962e-070 
1e-030 1e-030 1e-030 1e-030 0.1467 0.0366751 0.0366751 1e-030 1e-030 1e-030 1e-030 1e-030 1e-030 0.0733501 0.0733501 1e-030 0.0366751 0.28269 1e-030 1e-030 0.0184751 0.0733501 1e-030 0.185384 1e-030 1e-030 1e-030 3.23422e-077 1e-030 1e-030 0.0366751 1.40349e-285 
1e-030 1e-030 1e-030 1e-030 1e-030 1e-030 1e-030 1e-030 1e-030 1e-030 1e-030 1e-030 1e-030 1e-030 1e-030 1e-030 1.59084e-243 7.9542e-243 1e-030 1e-030 1e-030 1e-030 1e-030 0.99037 1e-030 1e-030 1e-030 0.00963014 1e-030 1e-030 2.44372e-172 5.34157e-019 
1e-030 1e-030 1e-030 1e-030 1e-030 1e-030 1e-030 1e-030 1e-030 1e-030 1e-030 1e-030 1e-030 1e-030 1e-030 1e-030 2.48713e-117 1e-030 1e-030 1e-030 1e-030 1e-030 1e-030 0.731241 1e-030 1e-030 1e-030 0.159866 1e-030 1e-030 1.77402e-012 0.108893 
1e-030 1e-030 1e-030 1e-030 1e-030 1e-030 1e-030 1e-030 1e-030 1e-030 1e-030 1e-030 1e-030 1e-030 1e-030 1e-030 0.468174 0.0595184 1e-030 1e-030 1e-030 1e-030 1e-030 0.00413175 1.08778e-253 1e-030 1e-030 1.92855e-006 1e-030 1e-030 0.468174 2.88285e-052 
1e-030 2.8975e-230 1e-030 1.82313e-172 7.02495e-079 1e-030 1e-030 1e-030 1e-030 1e-030 1e-030 1e-030 1e-030 1e-030 1e-030 1e-030 3.23526e-008 0.189515 1e-030 1e-030 1e-030 1e-030 1e-030 0.80913 0.00135413 1e-030 1e-030 3.98684e-076 1e-030 1e-030 1.39315e-014 1.49089e-163 
1e-030 0.0310939 1e-030 0.186564 0.0621879 1e-030 1e-030 0.0621879 1e-030 1e-030 1e-030 1e-030 1e-030 1e-030 0.0621879 1e-030 0.0932818 0.124376 0.0932818 1e-030 1e-030 1e-030 1e-030 0.130452 0.0611053 1e-030 1e-030 0.0310939 0.0310939 1e-030 0.0310939 7.71593e-231 
