1e-030 2.80099e-272 1e-030 1e-030 1e-030 1e-030 1e-030 1e-030 1e-030 1e-030 1e-030 1e-030 1e-030 1e-030 2.80099e-272 1e-030 1e-030 1e-030 1e-030 1e-030 1e-030 1e-030 1e-030 2.68659e-007 1e-030 1e-030 1e-030 1e-030 1e-030 1e-030 0.229709 0.770291 
1e-030 3.56677e-024 1e-030 1e-030 1e-030 1e-030 1e-030 1e-030 1e-030 1e-030 1e-030 1e-030 1e-030 1e-030 6.34752e-118 1e-030 1e-030 1e-030 1e-030 1e-030 1e-030 1e-030 1e-030 0.136918 1e-030 1e-030 1e-030 1e-030 1e-030 1e-030 0.522646 0.340435 
1e-030 0.0560925 1e-030 1e-030 1e-030 1e-030 1e-030 1e-030 1e-030 1e-030 1e-030 1e-030 1e-030 1e-030 0.0560925 1e-030 6.58593e-259 8.56139e-049 1e-030 1e-030 0.0758423 1e-030 1e-030 0.115881 1e-030 1e-030 1e-030 0.168275 1e-030 1e-030 0.231356 0.296461 
1e-030 5.4271e-293 1e-030 1e-030 1e-030 1e-030 1e-030 1e-030 1e-030 1e-030 1e-030 1e-030 1e-030 1e-030 3.11507e-292 1e-030 0.533102 0.283247 1e-030 1e-030 0.183638 1e-030 1e-030 9.70219e-102 1e-030 1e-030 1e-030 1.36434e-005 1e-030 1e-030 1.55097e-014 1e-030 
1e-030 0.0782476 1e-030 1e-030 1e-030 0.0195619 1e-030 1e-030 1e-030 1e-030 1e-030 1e-030 1e-030 1e-030 0.0195619 1e-030 0.0414541 0.0195747 0.0195619 1e-030 2.18681e-247 1e-030 1e-030 0.234743 1e-030 1e-030 1e-030 0.136933 1e-030 0.0195619 0.352114 0.0586857 
1e-030 1.18813e-299 1e-030 1e-030 1e-030 1e-030 1e-030 1e-030 1e-030 1e-030 1e-030 1e-030 1e-030 2.16579e-268 1e-030 1e-030 1e-030 4.2303e-150 1e-030 1e-030 7.4795e-265 2.5391e-148 1e-030 0.999411 1e-030 1e-030 1e-030 0.000589024 1e-030 1e-030 1e-030 6.12373e-012 
1e-030 3.63482e-262 1e-030 1e-030 1e-030 1e-030 1e-030 1e-030 1e-030 1e-030 1e-030 1e-030 1e-030 3.63482e-262 1e-030 1e-030 1e-030 3.57481e-149 1e-030 1e-030 3.58922e-149 7.23145e-099 1e-030 7.45653e-006 1e-030 1e-030 1e-030 0.428804 1e-030 1e-030 1.16172e-291 0.571189 
1e-030 1e-030 1e-030 1e-030 1e-030 1e-030 1e-030 1e-030 1e-030 1e-030 1e-030 1e-030 1e-030 2.3068e-233 1e-030 1e-030 1e-030 2.0297e-010 1e-030 1e-030 4.2601e-050 0.0715282 1e-030 0.695379 1e-030 1e-030 1e-030 0.231188 1e-030 1e-030 5.88813e-262 0.00190492 
1e-030 0.155203 1e-030 1e-030 1e-030 1e-030 1e-030 1e-030 1e-030 1e-030 1e-030 1e-030 1e-030 0.176141 1.86428e-087 1e-030 1e-030 0.361541 1e-030 1e-030 0.180994 0.125143 1e-030 7.0898e-018 1e-030 1e-030 1e-030 0.000963568 1e-030 1e-030 1.50052e-005 1.35578e-178 
1e-030 0.0170086 1e-030 1e-030 1e-030 0.0446617 1e-030 1e-030 1e-030 0.0148872 1e-030 1e-030 1e-030 0.0301736 0.0297744 1e-030 0.0148872 0.0298112 0.0297744 0.0446617 3.99497e-030 2.01502e-178 1e-030 0.223308 1e-030 1e-030 1e-030 0.104211 1e-030 1e-030 0.267969 0.148872 
1e-030 1e-030 1e-030 1e-030 1e-030 1e-030 1e-030 1e-030 1e-030 1e-030 1e-030 1e-030 1e-030 1e-030 1e-030 1e-030 1e-030 1e-030 1e-030 1e-030 1e-030 1e-030 1e-030 0.149827 1e-030 1e-030 1e-030 2.19398e-029 1e-030 1e-030 0.218814 0.631359 
1e-030 1e-030 1e-030 1e-030 1e-030 1e-030 1e-030 1e-030 1e-030 1e-030 1e-030 1e-030 1e-030 1e-030 1e-030 1e-030 1e-030 1e-030 6.8466e-099 1e-030 1e-030 1e-030 1e-030 0.215016 1e-030 1e-030 1e-030 0.199573 1e-030 1e-030 0.0534218 0.531989 
1e-030 1e-030 1e-030 1e-030 1e-030 1e-030 1e-030 1e-030 1e-030 1e-030 1e-030 1e-030 1e-030 1e-030 1e-030 1e-030 1e-030 5.60233e-082 0.999999 1e-030 5.93186e-007 1e-030 1e-030 3.95553e-249 1e-030 1e-030 1e-030 2.93647e-049 1e-030 1e-030 1e-030 3.65283e-009 
1e-030 0.333333 1e-030 1e-030 1e-030 1e-030 1e-030 0.111105 1e-030 1e-030 1e-030 1e-030 1e-030 1e-030 1e-030 1e-030 0.333337 0.111112 1.21899e-022 1e-030 0.111112 1e-030 1e-030 1.46496e-215 1e-030 1e-030 1e-030 1e-030 1e-030 1e-030 6.23705e-025 7.21708e-107 
1e-030 0.135136 1e-030 1e-030 1e-030 1e-030 1e-030 1.79792e-006 1e-030 1e-030 1e-030 1e-030 1e-030 0.0270269 0.0810808 1e-030 9.05186e-081 0.0540539 1e-030 1e-030 4.79575e-277 1e-030 1e-030 0.324323 1e-030 1e-030 1e-030 1e-030 1e-030 1e-030 0.35135 0.0270269 
1e-030 1e-030 1e-030 1e-030 1e-030 1e-030 1e-030 1e-030 1e-030 1e-030 1e-030 1e-030 1e-030 1e-030 1e-030 1e-030 1e-030 1e-030 1e-030 1e-030 1e-030 1e-030 1e-030 0.282283 1e-030 1e-030 1e-030 4.61541e-015 1e-030 1e-030 1e-030 0.717717 
1e-030 1e-030 1e-030 1e-030 1e-030 1e-030 1e-030 1e-030 1e-030 1e-030 1e-030 1e-030 1e-030 1e-030 1e-030 1e-030 1e-030 5.81517e-302 1e-030 1e-030 7.62791e-133 1e-030 1e-030 0.353437 1e-030 1e-030 1e-030 0.646447 1e-030 1e-030 1e-030 0.000115431 
1e-030 1e-030 1e-030 1e-030 1e-030 1e-030 1e-030 3.86363e-249 1e-030 1e-030 1e-030 1e-030 1e-030 1e-030 1e-030 1e-030 1e-030 3.83216e-059 1e-030 1e-030 3.05273e-006 1e-030 1e-030 0.166677 1e-030 1e-030 1e-030 6.46464e-007 1e-030 1e-030 1e-030 0.833319 
1e-030 1e-030 1e-030 1e-030 1e-030 1e-030 1e-030 0.10761 1e-030 1e-030 1e-030 1e-030 1e-030 1e-030 1e-030 1e-030 1e-030 0.357923 1e-030 1e-030 0.534467 1e-030 1e-030 3.37298e-047 1e-030 1e-030 1e-030 1.67585e-123 1e-030 1e-030 3.30973e-010 6.34006e-009 
1e-030 0.0165514 1e-030 0.0331028 1e-030 1e-030 1e-030 0.0562633 1e-030 1e-030 1e-030 1e-030 1e-030 1e-030 0.0496542 1e-030 1e-030 0.0331366 1e-030 1e-030 0.0168251 1e-030 1e-030 0.165514 0.0165514 1e-030 1e-030 0.0993083 1e-030 1e-030 0.380682 0.132411 
1e-030 1e-030 1e-030 1e-030 1e-030 1e-030 1e-030 1e-030 1e-030 1e-030 1e-030 1e-030 1e-030 1e-030 1e-030 1e-030 1e-030 1e-030 1e-030 1e-030 1e-030 1e-030 1e-030 5.11652e-048 1e-030 1e-030 1e-030 0.166667 1e-030 1e-030 0.833333 8.56485e-171 
1e-030 1e-030 1e-030 1e-030 1e-030 1e-030 1e-030 1e-030 1e-030 9.95562e-009 1e-030 1e-030 1e-030 1e-030 1e-030 1e-030 1e-030 1e-030 1e-030 1e-030 1e-030 1e-030 1e-030 0.285712 1e-030 1e-030 1e-030 0.142669 1e-030 0.142929 8.32022e-091 0.42869 
1e-030 1e-030 1e-030 1e-030 1e-030 1e-030 1e-030 1e-030 1e-030 0.111089 1e-030 1e-030 1e-030 1e-030 1e-030 1e-030 3.16611e-088 2.67295e-254 1e-030 1e-030 1e-030 1e-030 1e-030 0.111146 1e-030 1e-030 1e-030 0.000101311 1e-030 9.23705e-320 9.20868e-059 0.777663 
1e-030 0.167714 1e-030 1e-030 1e-030 1e-030 1e-030 1e-030 1e-030 3.53847e-150 1e-030 1e-030 1e-030 1e-030 1e-030 1e-030 0.30598 0.408836 1e-030 1e-030 1e-030 1e-030 1e-030 4.00194e-015 1e-030 1e-030 1e-030 1e-030 1e-030 8.86026e-316 0.11747 1.23041e-156 
1e-030 0.0533619 1e-030 0.0226146 1e-030 1e-030 1e-030 0.0904585 1e-030 6.05108e-221 1e-030 1e-030 1e-030 1e-030 0.0226146 0.0226146 0.0227788 0.0678718 0.0452293 1e-030 0.0452293 1e-030 1e-030 0.0678439 1e-030 1e-030 1e-030 0.0226146 1e-030 0.0226146 0.403695 0.0904585 
1e-030 8.48064e-187 1e-030 6.20919e-187 1e-030 1e-030 1e-030 2.32996e-161 1e-030 1e-030 1e-030 1e-030 1e-030 1e-030 3.97219e-187 1e-030 1e-030 1e-030 1e-030 1e-030 1e-030 1e-030 1e-030 0.107756 1e-030 1e-030 1e-030 8.1159e-010 1e-030 1e-030 0.10776 0.784483 
1e-030 1.25227e-158 1e-030 1.25096e-158 1e-030 1e-030 1e-030 7.7246e-133 1e-030 1e-030 1e-030 1e-030 1e-030 1e-030 1.25096e-158 1e-030 1e-030 1e-030 1e-030 1e-030 1e-030 1e-030 1e-030 3.34467e-006 1e-030 1e-030 1e-030 0.157231 1e-030 1e-030 0.235846 0.60692 
1e-030 2.45646e-132 1e-030 1.47773e-160 1e-030 1e-030 1e-030 4.91492e-196 1e-030 1e-030 1e-030 1e-030 1e-030 1e-030 5.44751e-179 1e-030 1e-030 1e-030 1e-030 1e-030 1e-030 1e-030 1e-030 0.75 1e-030 1e-030 1e-030 0.25 1e-030 1e-030 3.97971e-289 9.72476e-011 
1e-030 1.10861e-234 1e-030 5.35511e-132 1e-030 1e-030 1e-030 4.73082e-228 1e-030 1e-030 1e-030 1e-030 1e-030 1e-030 4.07828e-160 1e-030 1e-030 1e-030 1e-030 1e-030 1e-030 1e-030 1e-030 5.13965e-021 1e-030 1e-030 1e-030 3.31212e-103 1e-030 1e-030 5.91827e-020 1 
1e-030 0.0284372 1e-030 0.0284372 1e-030 1e-030 1e-030 0.0568745 1e-030 1e-030 1e-030 1e-030 1e-030 1e-030 0.0284372 1e-030 1e-030 1e-030 1e-030 1e-030 1e-030 1e-030 1e-030 0.31281 1e-030 1e-030 1e-030 3.74183e-090 1e-030 1e-030 0.454996 0.0900082 
1e-030 1.42296e-277 1e-030 1e-030 1e-030 1e-030 1e-030 1e-030 1e-030 1e-030 1e-030 1e-030 1e-030 7.73085e-205 1.16161e-277 1e-030 1.32109e-204 1.70953e-204 1e-030 1e-030 1e-030 1e-030 1e-030 0.470564 1e-030 1e-030 1e-030 0.0588262 1e-030 1e-030 7.73837e-019 0.47061 
1e-030 1.1073e-276 1e-030 1e-030 1e-030 1e-030 1e-030 1e-030 1e-030 1e-030 1e-030 1e-030 1e-030 1.81016e-203 5.51471e-233 1e-030 3.75884e-204 2.95002e-203 1e-030 1e-030 1e-030 1e-030 1e-030 0.000258538 1e-030 1e-030 1e-030 3.99641e-063 1e-030 1e-030 0.99933 0.000411868 
1e-030 1.1899e-233 1e-030 1e-030 1e-030 1e-030 1e-030 1e-030 1e-030 1e-030 1e-030 1e-030 1e-030 4.57484e-263 1.25566e-204 1e-030 1.28761e-135 9.68472e-015 1e-030 1e-030 1e-030 1e-030 1e-030 0.334928 1e-030 1e-030 1e-030 0.144119 1e-030 1e-030 7.58215e-027 0.520953 
1e-030 1.14151e-005 1e-030 1e-030 1e-030 1e-030 1e-030 1e-030 1e-030 1e-030 1e-030 1e-030 1e-030 0.40815 0.157705 1e-030 0.204075 0.204075 1e-030 1e-030 1e-030 1e-030 1e-030 5.15229e-024 1e-030 1e-030 1e-030 0.025983 1e-030 1e-030 2.75591e-095 1e-030 
1e-030 0.210669 1e-030 1e-030 1e-030 1e-030 1e-030 0.0601917 1e-030 1e-030 1e-030 1e-030 1e-030 1.31095e-031 0.0369343 1e-030 7.66653e-246 6.00723e-276 1e-030 1e-030 1e-030 1e-030 1e-030 0.0601917 1e-030 1e-030 1e-030 1.62174e-308 1e-030 1e-030 0.51163 0.120383 
1e-030 1e-030 1e-030 1e-030 1e-030 1e-030 1e-030 1e-030 1e-030 1e-030 1e-030 1e-030 1e-030 1e-030 1e-030 1e-030 1e-030 1e-030 1e-030 1e-030 1e-030 1e-030 1e-030 0.000586899 1e-030 1e-030 1e-030 5.4089e-075 1e-030 1e-030 0.134413 0.865 
1e-030 2.96439e-323 1e-030 1.26095e-312 1e-030 1e-030 1e-030 1e-030 1e-030 1e-030 1e-030 1e-030 1e-030 1e-030 1e-030 1e-030 6.75121e-313 1.76931e-312 1e-030 1e-030 3.8009e-108 1e-030 1e-030 0.0861073 1e-030 1e-030 1e-030 0.0394253 1e-030 1e-030 0.083722 0.790745 
1e-030 1.50008e-191 1e-030 1.50008e-191 1e-030 1e-030 1e-030 1e-030 1e-030 1e-030 1e-030 1e-030 1e-030 1e-030 1e-030 1e-030 1.50008e-191 3.91074e-077 1e-030 1e-030 1.82122e-023 1e-030 1e-030 0.463577 1e-030 1e-030 1e-030 0.330613 1e-030 1e-030 3.82882e-238 0.20581 
1e-030 1e-030 1e-030 0.00173758 1e-030 1e-030 1e-030 1e-030 1e-030 1e-030 1e-030 1e-030 1e-030 1e-030 1e-030 1e-030 3.88758e-274 0.332754 1e-030 1e-030 0.665508 1e-030 1e-030 1.91558e-012 1e-030 1e-030 1e-030 7.12343e-222 1e-030 1e-030 3.00442e-191 1.3253e-263 
1e-030 0.0909199 1e-030 0.0680712 1e-030 1e-030 1e-030 0.0454599 1e-030 1e-030 1e-030 1e-030 1e-030 1e-030 0.02273 1e-030 0.0681899 7.04921e-046 1e-030 1e-030 2.47254e-119 1e-030 1e-030 0.13638 1e-030 1e-030 1e-030 1e-030 1e-030 1e-030 0.454599 0.11365 
1e-030 1e-030 1e-030 1e-030 1e-030 1e-030 1e-030 1e-030 1e-030 1.00634e-196 1e-030 1e-030 1e-030 1e-030 1e-030 1e-030 1e-030 3.71655e-305 1e-030 1e-030 2.68096e-275 1e-030 1e-030 0.172245 1.84765e-040 1e-030 1e-030 0.0751656 1e-030 1e-030 0.451328 0.301262 
1e-030 1e-030 1e-030 1e-030 1e-030 1e-030 1e-030 1e-030 1e-030 7.28789e-020 1e-030 1e-030 1e-030 1e-030 1e-030 1e-030 1e-030 1.17256e-226 1e-030 1e-030 8.39039e-197 1e-030 1e-030 0.775981 0.14818 1e-030 1e-030 0.074582 1e-030 1e-030 0.000556244 0.000700361 
1e-030 1e-030 1e-030 1e-030 1e-030 1e-030 1e-030 1e-030 1e-030 0.0349495 1e-030 1e-030 1e-030 1e-030 1e-030 1e-030 1.72358e-147 2.78423e-017 1e-030 1e-030 6.83859e-005 1e-030 1e-030 0.371087 2.42121e-015 1e-030 1e-030 0.174666 1e-030 1e-030 0.0349495 0.38428 
1e-030 1e-030 1e-030 1e-030 1e-030 0.00985101 1e-030 1e-030 1e-030 1e-030 1e-030 1e-030 1e-030 1e-030 1e-030 1e-030 0.14145 0.707248 1e-030 1e-030 0.141173 1e-030 1e-030 0.000279035 1e-030 1e-030 1e-030 2.03929e-011 1e-030 1e-030 2.5905e-017 2.56025e-072 
1e-030 1e-030 1e-030 0.0278316 1e-030 0.0258933 1e-030 0.0278316 1e-030 1e-030 1e-030 1e-030 1e-030 1e-030 0.0278316 1e-030 3.81988e-023 1.65651e-008 1e-030 1e-030 1.47691e-133 1e-030 1e-030 0.250485 1e-030 1e-030 1e-030 5.36975e-293 1e-030 1e-030 0.473138 0.16699 
1e-030 1e-030 1e-030 1e-030 1e-030 1e-030 1e-030 1e-030 1e-030 1e-030 1e-030 1e-030 1e-030 1e-030 1e-030 1e-030 1e-030 1e-030 1e-030 1e-030 1e-030 1e-030 1e-030 0.192958 1e-030 1e-030 1e-030 6.55186e-006 1e-030 1e-030 2.89977e-146 0.807036 
1e-030 1e-030 1e-030 1e-030 1e-030 1e-030 1e-030 1e-030 1e-030 1e-030 1e-030 1e-030 1e-030 1e-030 1e-030 1e-030 1e-030 2.89876e-263 1e-030 1e-030 1e-030 1e-030 1e-030 0.386897 0.0239357 1e-030 1e-030 0.14374 1e-030 1e-030 0.0504002 0.395026 
1e-030 1e-030 1e-030 1e-030 1e-030 1e-030 1e-030 2.59579e-091 1e-030 1e-030 1e-030 1e-030 1e-030 1e-030 6.42697e-121 1e-030 1e-030 1.49703e-021 1e-030 1e-030 1e-030 1e-030 1e-030 1.27055e-254 4.45318e-199 1e-030 1e-030 0.255769 1e-030 1e-030 0.744231 3.17564e-018 
1e-030 1e-030 1e-030 1e-030 1e-030 1e-030 1e-030 0.171577 1e-030 1e-030 1e-030 1e-030 1e-030 1e-030 0.313694 1e-030 1e-030 0.51473 1e-030 1e-030 1e-030 1e-030 1e-030 1.48596e-264 5.60231e-187 1e-030 1e-030 5.81221e-131 1e-030 1e-030 3.32439e-016 4.83872e-185 
1e-030 1e-030 1e-030 0.0342798 1e-030 1e-030 1e-030 3.59694e-107 1e-030 1e-030 1e-030 1e-030 1e-030 1e-030 0.0401656 1e-030 1e-030 0.0685596 1e-030 1e-030 1e-030 1e-030 1e-030 0.308518 5.98301e-230 1e-030 1e-030 4.58665e-154 1e-030 1e-030 0.445637 0.102839 
1e-030 1e-030 1e-030 1e-030 1e-030 1e-030 1e-030 1e-030 1e-030 1e-030 1e-030 1e-030 1e-030 3.94766e-210 1e-030 1e-030 1e-030 3.8673e-122 2.02725e-268 1e-030 7.0192e-122 1e-030 1e-030 0.418344 1e-030 1e-030 1e-030 0.102142 1e-030 0.046483 1e-030 0.433031 
1e-030 1e-030 1e-030 1e-030 1e-030 1e-030 1e-030 3.99945e-267 1e-030 1e-030 1e-030 1e-030 1e-030 1.71745e-209 1e-030 1e-030 1e-030 4.87686e-121 3.84755e-238 1e-030 1e-030 1e-030 1e-030 1.75022e-005 1e-030 1e-030 1e-030 0.401756 1e-030 9.19337e-124 1e-030 0.598226 
1e-030 1.79446e-266 1e-030 1e-030 1e-030 1e-030 1e-030 1.72631e-237 1e-030 1e-030 1e-030 1e-030 1e-030 1.51006e-120 1e-030 1e-030 1e-030 1.2332e-301 1.61985e-208 1e-030 1 1e-030 1e-030 3.17511e-192 1e-030 1e-030 1e-030 4.01286e-190 1e-030 6.81483e-198 1e-030 2.17629e-189 
1e-030 0.111111 0.111111 1e-030 1e-030 1e-030 1e-030 0.111111 1e-030 1e-030 1e-030 1e-030 1e-030 0.111111 1e-030 1e-030 1e-030 0.444444 0.111111 1e-030 1e-030 1e-030 1e-030 4.8566e-194 1e-030 1e-030 1e-030 1e-030 1e-030 1.01347e-199 1.05681e-062 2.86701e-190 
1e-030 2.09761e-123 1.65141e-094 1e-030 1e-030 0.0816327 1e-030 0.0204082 1e-030 1e-030 1e-030 1e-030 1e-030 0.0612245 0.0816327 0.0204082 0.0408163 0.0408163 0.0204082 1e-030 0.0204082 1e-030 1e-030 0.183673 1e-030 1e-030 1e-030 0.0408163 0.0408163 5.84265e-234 0.265306 0.0816327 
1e-030 1e-030 1e-030 1e-030 1e-030 1e-030 1e-030 1e-030 1e-030 1e-030 1e-030 1e-030 1e-030 1e-030 1e-030 1e-030 9.30992e-141 1.8841e-140 1e-030 1e-030 1e-030 1e-030 1e-030 0.430514 1e-030 1e-030 1e-030 0.072982 1e-030 1e-030 1e-030 0.496503 
1e-030 1e-030 1e-030 1e-030 1e-030 1e-030 1e-030 1e-030 1e-030 1e-030 1e-030 1e-030 1e-030 1e-030 1e-030 1e-030 2.21946e-140 1.58385e-299 1e-030 1e-030 1e-030 1e-030 1e-030 0.137186 1e-030 1e-030 1e-030 0.250745 1e-030 1e-030 1e-030 0.612069 
1e-030 1e-030 1e-030 1e-030 1e-030 1e-030 1e-030 1.20109e-221 1e-030 1e-030 1e-030 1e-030 1e-030 1e-030 1e-030 1e-030 2.87299e-232 7.57175e-044 1e-030 1e-030 1e-030 1e-030 1e-030 0.999998 1e-030 1e-030 1e-030 2.34687e-166 1e-030 1e-030 1e-030 2.15882e-006 
1e-030 3.93088e-012 1e-030 1e-030 1e-030 1e-030 1e-030 0.0319376 1e-030 1e-030 1e-030 1e-030 1e-030 1e-030 1e-030 1e-030 0.399372 0.56869 1e-030 1e-030 1e-030 1e-030 1e-030 1.12085e-038 1e-030 1e-030 1e-030 3.60151e-261 1e-030 1e-030 9.39844e-261 1e-030 
1e-030 0.0464971 1e-030 1e-030 1e-030 1e-030 1e-030 0.11254 1e-030 1e-030 1e-030 1e-030 1e-030 1e-030 0.0232486 1e-030 0.0931917 0.0735624 1e-030 1e-030 1e-030 1e-030 1e-030 0.185989 1e-030 1e-030 1e-030 0.0232486 0.0464971 1e-030 0.302231 0.0929943 
1e-030 1e-030 1e-030 1e-030 1e-030 1e-030 1e-030 1e-030 1e-030 1e-030 1e-030 1e-030 1e-030 1e-030 1e-030 1e-030 2.96569e-291 2.42483e-228 1e-030 1e-030 1e-030 1e-030 1e-030 0.670574 1e-030 7.45207e-199 1e-030 1.45098e-041 1e-030 1e-030 3.37034e-169 0.329426 
1e-030 1e-030 1e-030 1e-030 1e-030 1e-030 1e-030 1e-030 1e-030 1e-030 1e-030 1e-030 1e-030 1e-030 1e-030 1e-030 2.64497e-257 1.2832e-198 1e-030 1e-030 1e-030 1e-030 1e-030 0.391247 1e-030 2.88192e-169 1e-030 0.148407 1e-030 1e-030 1.84419e-299 0.460347 
1e-030 1e-030 1e-030 1e-030 1e-030 1e-030 1e-030 1e-030 1e-030 1e-030 1e-030 1e-030 1e-030 1e-030 1e-030 1e-030 8.49874e-227 3.88382e-168 1e-030 1e-030 1e-030 1e-030 1e-030 1.51666e-292 1e-030 1e-030 1e-030 4.18518e-298 1e-030 1e-030 1 2.97658e-155 
1e-030 1e-030 1e-030 1e-030 1e-030 1e-030 1e-030 2.82243e-005 1e-030 1e-030 1e-030 1e-030 1e-030 1e-030 1e-030 1e-030 0.335387 0.496223 1e-030 1e-030 1e-030 1e-030 1e-030 1e-030 1e-030 0.168362 1e-030 3.18337e-236 1e-030 1e-030 3.35988e-133 5.98333e-231 
1e-030 1e-030 1e-030 0.0376929 1e-030 0.0565393 0.0188464 0.169615 1e-030 1e-030 1e-030 1e-030 1e-030 1e-030 0.0942322 0.0376929 0.0378425 0.0198385 0.0188464 1e-030 1e-030 1e-030 1e-030 0.226157 1e-030 6.69778e-232 1e-030 0.0376929 1e-030 1e-030 0.188464 0.0565393 
1e-030 1e-030 1e-030 1e-030 1e-030 1e-030 1e-030 1e-030 1e-030 1e-030 1e-030 1e-030 1e-030 1e-030 1e-030 1e-030 1e-030 1e-030 1.45317e-248 1e-030 1e-030 1e-030 1e-030 0.579314 1e-030 1e-030 1e-030 1e-030 1e-030 1e-030 0.0155565 0.40513 
1e-030 1e-030 1e-030 1e-030 1e-030 1e-030 1e-030 1e-030 1e-030 1e-030 1e-030 1e-030 1e-030 1e-030 1e-030 1e-030 1.28742e-041 3.21607e-234 0.174746 1e-030 1e-030 1e-030 1e-030 0.00316971 1e-030 1e-030 1e-030 1e-030 1e-030 1e-030 0.148313 0.673772 
1e-030 1e-030 1e-030 1e-030 1e-030 1e-030 1e-030 1e-030 1e-030 1e-030 1e-030 1e-030 1e-030 5.30907e-135 1e-030 5.75653e-037 0.0356958 0.0356958 0.000395159 1e-030 1e-030 1e-030 1e-030 0.499735 1e-030 1e-030 1e-030 0.214175 1e-030 0.0356958 0.0356967 0.142912 
1e-030 1.44101e-045 1e-030 1e-030 1e-030 1e-030 1e-030 1e-030 1e-030 1e-030 1e-030 1e-030 1e-030 0.25547 1e-030 0.25547 0.488993 1e-030 1e-030 1e-030 1e-030 1e-030 1e-030 6.76611e-005 1e-030 1e-030 1e-030 6.61367e-177 1e-030 1e-030 3.96968e-007 1e-030 
1e-030 0.0808933 1e-030 0.0269644 1e-030 1e-030 1e-030 0.134822 1e-030 1e-030 1e-030 1e-030 1e-030 2.11204e-036 1e-030 2.83583e-236 0.0292809 1e-030 1e-030 1e-030 1e-030 1e-030 1e-030 0.24268 1e-030 1e-030 1e-030 1e-030 1e-030 1e-030 0.377502 0.107858 
1e-030 2.08826e-275 1e-030 1e-030 1e-030 1e-030 1e-030 1e-030 1e-030 1e-030 1e-030 1e-030 1e-030 1e-030 8.52225e-244 1e-030 4.01345e-170 4.73265e-243 1e-030 1e-030 2.00673e-170 1e-030 1e-030 0.429681 1e-030 1e-030 1e-030 0.161613 1e-030 1e-030 1e-030 0.408706 
1e-030 4.86561e-275 1e-030 1e-030 1e-030 1e-030 1e-030 1e-030 1e-030 1e-030 1e-030 1e-030 1e-030 1e-030 1.84079e-243 1e-030 5.0637e-258 4.95129e-171 1e-030 1e-030 2.77152e-073 1e-030 1e-030 0.396136 1e-030 1e-030 1e-030 0.285486 1e-030 1e-030 1e-030 0.318377 
1e-030 1.24372e-243 1e-030 1e-030 1e-030 1e-030 1e-030 1e-030 1e-030 1e-030 1e-030 1e-030 1e-030 1e-030 1.76628e-252 1e-030 4.73103e-015 3.96989e-070 1e-030 1e-030 0.000118961 1e-030 1e-030 0.624901 1e-030 1e-030 1e-030 0.134233 1e-030 1e-030 1e-030 0.240748 
1e-030 0.0355013 1e-030 1e-030 1e-030 1e-030 1e-030 1e-030 1e-030 1e-030 1e-030 1e-030 1e-030 1e-030 0.2744 1e-030 0.276166 0.276166 1e-030 1e-030 0.13771 1e-030 1e-030 5.5729e-005 1e-030 1e-030 1e-030 1.04715e-066 1e-030 1e-030 1.4117e-053 1.69746e-010 
1e-030 0.0839721 1e-030 1e-030 1e-030 1e-030 1e-030 1e-030 1e-030 1e-030 1e-030 1e-030 1e-030 1e-030 0.000616497 1e-030 2.46976e-049 1.86104e-013 1e-030 1e-030 8.55142e-168 1e-030 1e-030 0.337257 1e-030 1e-030 1e-030 1.26925e-320 1e-030 1e-030 0.0481795 0.529975 
1e-030 1e-030 1e-030 1e-030 1e-030 1e-030 1e-030 1e-030 1e-030 1e-030 1e-030 1e-030 1e-030 1e-030 1e-030 1e-030 1e-030 1e-030 1e-030 1e-030 1e-030 1e-030 1e-030 0.558769 1e-030 1e-030 1e-030 0.286925 1e-030 1e-030 4.72396e-148 0.154306 
1e-030 1e-030 1e-030 1e-030 1e-030 1e-030 1e-030 1e-030 1e-030 1e-030 1e-030 1e-030 1e-030 1e-030 1e-030 1e-030 1e-030 1e-030 1e-030 1e-030 3.93134e-133 1e-030 1e-030 0.280792 1e-030 1e-030 1e-030 0.201114 1e-030 1e-030 0.0582119 0.459882 
1e-030 1e-030 1e-030 1e-030 1e-030 1e-030 1e-030 1e-030 1e-030 1e-030 1e-030 1e-030 1e-030 1.39759e-227 1e-030 1e-030 1e-030 5.38871e-257 6.13719e-005 1e-030 0.15651 1e-030 1e-030 0.843428 1e-030 1e-030 1e-030 1.36659e-316 1e-030 1e-030 1e-030 4.9561e-032 
1e-030 0.250002 1e-030 1e-030 1e-030 1e-030 1e-030 1e-030 1e-030 1e-030 1e-030 1e-030 1e-030 0.125001 0.125001 1e-030 0.125001 0.250002 0.124952 1e-030 4.12355e-005 1e-030 1e-030 9.59787e-117 1e-030 1e-030 1e-030 1e-030 1e-030 1e-030 9.55175e-036 9.38721e-279 
1e-030 3.02367e-112 1e-030 1e-030 1e-030 1e-030 1e-030 1e-030 1e-030 1e-030 1e-030 1e-030 1e-030 1e-030 1.87662e-018 1e-030 1e-030 1e-030 1e-030 1e-030 1e-030 1e-030 1e-030 0.363636 1e-030 1e-030 1e-030 1e-030 1e-030 1e-030 0.454545 0.181818 
1e-030 1e-030 1e-030 1e-030 1e-030 1e-030 1e-030 1e-030 1e-030 1e-030 1e-030 1e-030 1e-030 1e-030 1e-030 1e-030 1e-030 1e-030 1e-030 1e-030 1e-030 1e-030 1e-030 0.999911 1e-030 1e-030 1e-030 1.22281e-009 1e-030 1e-030 2.94366e-036 8.87422e-005 
1e-030 1e-030 1e-030 1e-030 1e-030 1e-030 1e-030 1e-030 1e-030 1e-030 1e-030 1e-030 1e-030 1e-030 1e-030 1e-030 1e-030 1.0499e-197 9.79471e-054 1e-030 1e-030 1e-030 1e-030 0.255848 1e-030 1e-030 1e-030 0.0721392 1e-030 1e-030 0.185036 0.486976 
1e-030 1e-030 1e-030 1e-030 1e-030 1e-030 1e-030 1e-030 1e-030 1e-030 1e-030 1e-030 1e-030 1e-030 1e-030 1e-030 1e-030 1.22535e-012 0.0219624 1e-030 1e-030 1e-030 1e-030 0.0607517 1e-030 1e-030 1e-030 0.116787 1e-030 1e-030 0.139505 0.660994 
1e-030 1.70304e-062 1e-030 1e-030 1e-030 0.00138125 1e-030 3.6908e-017 1e-030 1e-030 1e-030 1e-030 1e-030 1e-030 1e-030 1e-030 1e-030 0.89309 0.105526 1e-030 1e-030 1e-030 1e-030 6.94524e-237 1e-030 1e-030 1e-030 2.81402e-083 1e-030 1e-030 3.71407e-019 2.00548e-006 
1e-030 0.0526616 1e-030 1e-030 1e-030 0.0520915 1e-030 0.0526616 1e-030 1e-030 1e-030 1e-030 1e-030 1e-030 1e-030 1e-030 1e-030 1.27413e-008 2.01062e-174 1e-030 1e-030 1e-030 1e-030 0.31597 1e-030 1e-030 1e-030 1e-030 0.0526616 1e-030 0.421293 0.0526616 
1e-030 1e-030 1e-030 1e-030 1e-030 1e-030 1e-030 1e-030 1e-030 1e-030 1e-030 1e-030 1e-030 1.6184e-317 1e-030 1e-030 1e-030 1e-030 1e-030 1e-030 1e-030 1e-030 1e-030 0.0110389 1e-030 1e-030 1e-030 1e-030 1e-030 1e-030 1e-030 0.988961 
1e-030 1e-030 1e-030 1e-030 1e-030 1e-030 1e-030 1e-030 1e-030 1e-030 1e-030 1e-030 1e-030 5.58297e-136 1e-030 1e-030 1e-030 1e-030 1e-030 1e-030 1e-030 1e-030 1e-030 0.471305 1e-030 1e-030 1e-030 1e-030 1e-030 1e-030 1e-030 0.528695 
1e-030 1e-030 1e-030 1e-030 1e-030 1e-030 1e-030 1e-030 1e-030 1e-030 1e-030 1e-030 1e-030 1.3428e-010 1e-030 1e-030 1e-030 1e-030 1e-030 1e-030 1e-030 1e-030 1e-030 0.995587 1e-030 1e-030 1e-030 1e-030 1e-030 1e-030 1e-030 0.00441279 
1e-030 1e-030 1e-030 1e-030 1e-030 1e-030 1e-030 0.134174 1e-030 1e-030 1e-030 1e-030 1e-030 0.673036 0.0402511 1e-030 1e-030 0.152539 1e-030 1e-030 1e-030 1e-030 1e-030 1.02489e-008 1e-030 1e-030 1e-030 1e-030 1e-030 1e-030 1.04078e-016 1.0246e-131 
1e-030 0.0178391 1e-030 0.0356781 1e-030 0.0713562 1e-030 0.0214528 1e-030 1e-030 1e-030 1e-030 1e-030 3.6755e-028 0.0670887 1e-030 0.0178391 0.108701 1e-030 1e-030 0.0178391 1e-030 1e-030 0.19623 0.0178391 1e-030 1e-030 0.0356781 1e-030 1e-030 0.231908 0.160551 
1e-030 1e-030 1e-030 1e-030 1e-030 1e-030 1e-030 1e-030 1e-030 7.24592e-126 1e-030 1e-030 1e-030 1e-030 1e-030 1e-030 1e-030 1e-030 1e-030 1e-030 1e-030 1e-030 1e-030 0.244068 1e-030 1e-030 1e-030 0.19508 1e-030 4.36239e-281 0.170691 0.390162 
1e-030 1e-030 1e-030 1e-030 1e-030 1e-030 1e-030 1e-030 1e-030 1.72851e-230 1e-030 1e-030 1e-030 1e-030 1e-030 1e-030 1e-030 1e-030 1e-030 1e-030 1e-030 1e-030 1e-030 0.972123 1e-030 1e-030 1e-030 1.87075e-309 1e-030 1.44447e-281 0.0278774 9.313e-070 
1e-030 1.07483e-155 1e-030 1e-030 1e-030 1e-030 1e-030 1e-030 1e-030 0.0171468 1e-030 1e-030 1e-030 1e-030 1e-030 1e-030 1e-030 1e-030 1e-030 1e-030 1e-030 1e-030 1e-030 0.280823 1e-030 1e-030 1e-030 0.0685873 1e-030 0.0171468 0.084745 0.531551 
1e-030 3.44354e-024 1e-030 1e-030 1e-030 1e-030 1e-030 1e-030 1e-030 1e-030 1e-030 1e-030 1e-030 1e-030 1e-030 1e-030 1e-030 1e-030 1e-030 1e-030 1e-030 1e-030 1e-030 4.28341e-126 1e-030 1e-030 1e-030 1e-030 1e-030 1e-030 1 5.93831e-013 
1e-030 0.210346 0.105173 1e-030 1e-030 1e-030 1e-030 1e-030 1e-030 1e-030 1e-030 1e-030 1e-030 1e-030 1e-030 1e-030 1e-030 1e-030 1e-030 1e-030 1e-030 1e-030 1e-030 0.31552 1e-030 1e-030 1e-030 1e-030 1e-030 1e-030 0.368961 5.68678e-141 
1e-030 2.03229e-293 1e-030 1e-030 1e-030 1e-030 1e-030 1.11028e-292 1e-030 1e-030 1e-030 1e-030 1e-030 1e-030 1e-030 1e-030 4.81295e-155 7.68615e-176 1e-030 1e-030 1e-030 1e-030 1e-030 0.132224 1e-030 1e-030 1e-030 0.0572599 1e-030 1e-030 0.155923 0.654592 
1e-030 7.57651e-292 1e-030 1e-030 1e-030 1e-030 1e-030 6.0321e-243 1e-030 1e-030 1e-030 1e-030 1e-030 1e-030 1e-030 1e-030 2.92809e-198 5.45645e-155 1e-030 1e-030 1e-030 1e-030 1e-030 0.10793 1e-030 1e-030 1e-030 0.33255 1e-030 1e-030 1.86345e-025 0.55952 
1e-030 3.62689e-200 1e-030 1e-030 1e-030 1e-030 1e-030 7.87342e-171 1e-030 1e-030 1e-030 1e-030 1e-030 1e-030 1e-030 1e-030 4.14196e-022 4.03447e-092 1e-030 1e-030 1e-030 1e-030 1e-030 0.616585 1e-030 1e-030 1e-030 0.0916021 6.37491e-259 1e-030 0.18014 0.111673 
1e-030 0.222222 1e-030 1e-030 1e-030 1e-030 1e-030 0.111111 1e-030 1e-030 1e-030 1e-030 1e-030 1e-030 1e-030 1e-030 0.444444 0.222222 1e-030 1e-030 1e-030 1e-030 1e-030 2.26718e-022 1e-030 1e-030 1e-030 3.19705e-295 2.01727e-070 1e-030 6.99022e-022 2.92821e-111 
1e-030 8.41714e-025 1e-030 0.025 1e-030 1e-030 1e-030 0.025 1e-030 1e-030 1e-030 1e-030 1e-030 1e-030 0.075 1e-030 0.025 0.125 1e-030 1e-030 1e-030 1e-030 1e-030 0.125 1e-030 1e-030 1e-030 4.62779e-102 0.05 1e-030 0.45 0.1 
1e-030 1e-030 1e-030 1e-030 1e-030 1e-030 1e-030 1e-030 1e-030 1e-030 1e-030 1e-030 1e-030 1e-030 1e-030 1e-030 1e-030 1e-030 1e-030 1e-030 1e-030 1e-030 1e-030 0.193788 1e-030 1e-030 1e-030 1.9061e-016 1e-030 1e-030 1e-030 0.806212 
1e-030 1e-030 1e-030 1e-030 1e-030 1e-030 1e-030 1e-030 1e-030 1e-030 1e-030 1e-030 1e-030 1e-030 1e-030 1e-030 1e-030 1.01325e-296 1e-030 1e-030 1e-030 1e-030 1e-030 0.25516 1e-030 1e-030 1e-030 0.231689 1e-030 1e-030 1e-030 0.51315 
1e-030 1e-030 1e-030 1e-030 1e-030 1e-030 1e-030 1e-030 1e-030 1e-030 1e-030 1e-030 1e-030 1e-030 1e-030 1e-030 1e-030 1.254e-019 1e-030 1e-030 9.46381e-134 1e-030 1e-030 0.245569 1e-030 1e-030 1e-030 0.23317 1e-030 1e-030 1e-030 0.521262 
1e-030 0.111111 1e-030 1e-030 1e-030 1e-030 1e-030 0.111111 1e-030 1e-030 1e-030 1e-030 1e-030 1e-030 0.111111 1e-030 1e-030 0.555556 1e-030 1e-030 0.111111 1e-030 2.88192e-229 4.70791e-010 1e-030 1e-030 1e-030 3.7629e-176 1e-030 1e-030 8.35463e-019 5.01005e-115 
1e-030 7.67401e-110 1e-030 0.0731707 1e-030 0.0243902 0.0243902 5.28286e-013 1e-030 1e-030 1e-030 1e-030 1e-030 1e-030 0.0487805 1e-030 0.0731707 0.0731707 1e-030 1e-030 9.07449e-142 1e-030 0.0243902 0.243902 0.0243902 1e-030 1e-030 8.24324e-209 1e-030 1e-030 0.365854 0.0243902 
1e-030 1e-030 1e-030 1e-030 1e-030 1e-030 1e-030 1e-030 1e-030 1e-030 1e-030 1e-030 1e-030 1e-030 1e-030 1e-030 1e-030 1e-030 1e-030 1e-030 1e-030 1e-030 1e-030 0.585489 1e-030 1e-030 1e-030 0.0968229 1e-030 1e-030 2.4067e-060 0.317688 
1e-030 1e-030 1e-030 1e-030 1e-030 1e-030 1e-030 1e-030 1e-030 1e-030 1e-030 1e-030 1e-030 1e-030 1e-030 1e-030 1e-030 2.96439e-323 1e-030 1e-030 1e-030 1e-030 1e-030 0.261067 1e-030 1e-030 1e-030 0.390092 1e-030 1e-030 1.12967e-030 0.348841 
1e-030 1e-030 1e-030 1e-030 1e-030 1e-030 1e-030 1e-030 1e-030 1e-030 1e-030 1e-030 1e-030 1.70378e-168 1e-030 1e-030 1e-030 2.19467e-048 1e-030 1e-030 1e-030 1e-030 1e-030 0.449772 1e-030 1e-030 1e-030 0.0381714 1e-030 1e-030 0.023912 0.488145 
1e-030 1e-030 1e-030 1e-030 1e-030 1e-030 1e-030 1.63262e-016 1e-030 1e-030 1e-030 1e-030 1e-030 0.14901 5.42653e-204 1e-030 0.14901 0.596041 1e-030 1e-030 1e-030 1e-030 1e-030 1.37371e-265 1e-030 1e-030 1e-030 0.105938 1e-030 1e-030 1e-030 4.80011e-020 
1e-030 1e-030 1e-030 1e-030 1e-030 1e-030 1e-030 0.5 1e-030 1e-030 1e-030 1e-030 1e-030 1e-030 0.25 1e-030 1.58642e-111 1.16292e-009 1e-030 1e-030 1e-030 1e-030 1e-030 1e-030 1e-030 1e-030 1e-030 1e-030 1e-030 1e-030 0.25 1e-030 
1e-030 1e-030 1e-030 1e-030 1e-030 1e-030 1e-030 1e-030 1e-030 1e-030 1e-030 1e-030 1e-030 1e-030 1e-030 1e-030 1e-030 1e-030 1e-030 1e-030 1e-030 0.0626824 1e-030 0.618482 1e-030 1e-030 1e-030 3.33375e-088 1e-030 1e-030 1e-030 0.318836 
1e-030 1e-030 1e-030 1e-030 1e-030 1e-030 1e-030 1e-030 1e-030 1e-030 1e-030 1e-030 1e-030 1e-030 1e-030 1e-030 1e-030 1e-030 1e-030 1e-030 1.65968e-279 5.07077e-019 2.80075e-142 0.260081 1e-030 1e-030 1e-030 1.00342e-011 1e-030 1e-030 1e-030 0.739919 
1e-030 1e-030 1e-030 1e-030 1e-030 1e-030 1e-030 1e-030 1e-030 1e-030 1e-030 1e-030 1e-030 1e-030 1e-030 1e-030 3.78453e-224 7.5587e-124 1e-030 1e-030 9.62737e-054 1.70064e-302 6.65322e-013 0.5 1e-030 1e-030 1e-030 0.5 1e-030 1e-030 1e-030 4.60085e-014 
1e-030 1e-030 1e-030 1e-030 1e-030 1e-030 1e-030 1e-030 1e-030 1e-030 1e-030 1e-030 1e-030 1e-030 0.0260831 1e-030 0.478193 0.165241 1e-030 1e-030 0.165241 1e-030 0.165241 1.5046e-156 1e-030 1e-030 1e-030 2.00641e-012 1e-030 1e-030 1.17791e-030 3.95155e-115 
1e-030 1e-030 1e-030 1e-030 0.0213001 0.0639002 1e-030 0.0639002 1e-030 0.0213001 1e-030 1e-030 1e-030 0.0213001 0.103138 1e-030 0.0448598 6.71333e-100 0.0213001 1e-030 1e-030 1e-030 1e-030 0.1917 1e-030 1e-030 1e-030 1e-030 1e-030 1e-030 0.276901 0.1704 
1e-030 1e-030 1e-030 1e-030 1e-030 1e-030 1e-030 1e-030 1e-030 1e-030 1e-030 1e-030 1e-030 1e-030 1e-030 1e-030 4.18603e-196 2.323e-255 1e-030 1e-030 3.59295e-196 1e-030 1e-030 0.582768 1e-030 1e-030 1e-030 1.0235e-048 1e-030 1e-030 1e-030 0.417232 
1e-030 1e-030 1e-030 1e-030 1e-030 1e-030 1e-030 1e-030 1e-030 1e-030 1e-030 1e-030 1e-030 1e-030 1.29005e-283 1e-030 4.3224e-195 1.14178e-224 1e-030 1e-030 3.52295e-196 1e-030 1e-030 1.65979e-006 1e-030 1e-030 1e-030 4.0661e-050 1e-030 1e-030 1e-030 0.999998 
1e-030 1e-030 1e-030 1e-030 1e-030 1e-030 1e-030 1e-030 1e-030 1e-030 1e-030 1e-030 1e-030 1e-030 3.58185e-254 1e-030 5.76304e-153 7.16375e-196 1e-030 1e-030 1.50716e-006 1e-030 1e-030 0.706747 1e-030 1e-030 1e-030 0.0882464 1e-030 1e-030 1e-030 0.205005 
1e-030 1e-030 1e-030 1e-030 1e-030 1e-030 1e-030 1e-030 1e-030 1e-030 1e-030 1e-030 1e-030 1e-030 0.325859 1e-030 0.337095 0.224683 1e-030 1e-030 0.112363 1e-030 1e-030 8.69191e-039 1e-030 1e-030 1e-030 1e-030 3.091e-297 1e-030 4.6013e-021 2.11824e-275 
1e-030 1e-030 1e-030 0.0475054 1e-030 1e-030 0.0237527 0.166269 1e-030 1e-030 1e-030 1e-030 1e-030 1e-030 0.026128 1e-030 0.0237529 0.0712683 0.0237527 1e-030 1e-030 1e-030 1e-030 0.190022 0.0237527 1e-030 1e-030 1e-030 0.0475054 1e-030 0.190022 0.166269 
1e-030 1.37889e-031 1e-030 1e-030 1e-030 1e-030 1e-030 1e-030 1e-030 1e-030 1e-030 1e-030 1e-030 1e-030 1e-030 1e-030 1e-030 1e-030 1e-030 1e-030 1e-030 1e-030 1e-030 0.0995611 1e-030 1e-030 1e-030 2.07875e-180 1e-030 1e-030 0.547787 0.352652 
1e-030 4.30881e-023 1e-030 1e-030 1e-030 1e-030 1e-030 1e-030 1e-030 1e-030 1e-030 1e-030 1e-030 1e-030 1e-030 1e-030 1.11317e-260 1e-030 1e-030 1e-030 1e-030 1e-030 1e-030 0.659951 1e-030 1e-030 1e-030 1.96186e-072 1e-030 1e-030 0.0641422 0.275906 
1e-030 0.0561691 1e-030 1e-030 1e-030 1e-030 1e-030 1.56055e-247 1e-030 1e-030 1e-030 1e-030 1e-030 1.16214e-044 1e-030 1e-030 2.1861e-005 5.7024e-013 1e-030 1e-030 1e-030 1e-030 1e-030 0.573224 1e-030 1e-030 1e-030 0.0756366 1e-030 1e-030 0.0483502 0.246598 
1e-030 1.00667e-054 1e-030 1e-030 1e-030 1e-030 1e-030 1.94705e-007 1e-030 1e-030 1e-030 1e-030 1e-030 0.471675 3.18718e-191 1e-030 0.214328 0.235838 1e-030 1e-030 1e-030 1e-030 2.22234e-025 1.40512e-006 1e-030 1e-030 1e-030 0.0770498 1e-030 1e-030 0.00110702 1.07586e-051 
1e-030 5.62987e-062 1e-030 0.0597936 1e-030 1e-030 1e-030 0.139518 1e-030 1e-030 1e-030 1e-030 1e-030 2.57822e-008 0.0199312 1e-030 0.0434902 0.0597936 0.0199312 1e-030 1e-030 1e-030 0.0199312 0.298968 1e-030 1e-030 1e-030 0.0398624 1e-030 1e-030 0.199125 0.0996559 
1e-030 1e-030 1e-030 1e-030 1e-030 1e-030 1e-030 1e-030 1e-030 1e-030 1e-030 1e-030 1e-030 6.76265e-235 1e-030 1e-030 5.16113e-235 7.02419e-235 1e-030 1e-030 1e-030 1e-030 1e-030 0.00493684 1e-030 2.2924e-131 1e-030 0.369256 1e-030 0.201573 1e-030 0.424235 
1e-030 7.18261e-310 1e-030 1e-030 1e-030 1e-030 1e-030 1e-030 1e-030 1e-030 1e-030 1e-030 1e-030 8.77902e-235 1e-030 1e-030 5.57748e-235 9.66549e-132 1e-030 1e-030 1e-030 1e-030 1e-030 0.467797 1e-030 1.95352e-100 1e-030 0.127521 1e-030 0.0179403 1e-030 0.386742 
1e-030 2.7045e-264 1e-030 1e-030 1e-030 1e-030 1e-030 1e-030 1e-030 1e-030 1e-030 1e-030 1e-030 2.52532e-244 1e-030 1e-030 5.96181e-071 1.53942e-015 1e-030 1e-030 1e-030 1e-030 1e-030 0.704089 1e-030 0.0281142 1e-030 0.139475 1e-030 0.127509 1e-030 0.000812432 
1e-030 0.1967 1e-030 5.19061e-139 1e-030 1e-030 1e-030 8.99439e-168 1e-030 1e-030 1e-030 1e-030 1e-030 0.1967 9.99726e-197 1e-030 0.131134 0.262267 1e-030 1e-030 1e-030 1e-030 1e-030 2.79384e-015 0.0655668 0.0524231 1e-030 0.000269259 1e-030 5.32954e-212 0.0949391 1e-030 
1e-030 0.0420592 1e-030 0.0210296 0.0210296 0.0630888 1e-030 0.0420592 1e-030 0.0210296 1e-030 1e-030 1e-030 1.26805e-082 0.0841184 1e-030 0.0210296 1.42446e-008 0.0630888 1e-030 0.0210296 1e-030 1e-030 0.252355 0.0420592 6.87781e-240 1e-030 0.0210296 1e-030 0.0210296 0.263964 1.41202e-285 
1e-030 1e-030 1e-030 1e-030 1e-030 1e-030 1e-030 1e-030 1e-030 1e-030 1e-030 1e-030 1e-030 1e-030 1e-030 1e-030 1e-030 1e-030 1e-030 1e-030 1e-030 1e-030 1e-030 4.64544e-011 1e-030 1e-030 1e-030 1 1e-030 1e-030 1e-030 2.72037e-060 
1e-030 1e-030 1e-030 1e-030 1e-030 1e-030 1e-030 1e-030 1e-030 1e-030 1e-030 1e-030 1e-030 8.65953e-282 1e-030 1e-030 1e-030 1e-030 1e-030 1e-030 1e-030 2.76294e-252 1e-030 0.3946 1e-030 1e-030 1e-030 0.0926379 1e-030 1e-030 1e-030 0.512762 
1e-030 1e-030 1e-030 1e-030 1e-030 1e-030 1e-030 5.25667e-284 1e-030 1e-030 1e-030 1e-030 1e-030 1.59577e-019 1e-030 1e-030 2.06718e-176 1e-030 1.09151e-224 1e-030 1e-030 0.602687 1e-030 1.49821e-008 1e-030 1e-030 1e-030 0.393964 1e-030 1e-030 1e-030 0.0033494 
1e-030 0.11555 1e-030 1e-030 1e-030 1e-030 1e-030 0.190919 1e-030 1e-030 1e-030 1e-030 1e-030 0.346649 1e-030 1e-030 0.11555 1e-030 0.231099 1e-030 1e-030 0.00023292 1e-030 1.34163e-131 1e-030 1e-030 1e-030 6.49325e-022 4.80004e-162 1e-030 7.23833e-014 2.97778e-105 
1e-030 4.28488e-013 1e-030 0.041367 1e-030 0.041367 1e-030 0.0899263 1e-030 0.0206835 1e-030 1e-030 1e-030 0.0206835 0.124101 0.0206835 0.0620505 0.041367 3.41297e-090 1e-030 0.0206835 1e-030 1e-030 0.206835 1e-030 0.0206835 1e-030 0.0206835 0.041367 1e-030 0.165468 0.0620505 
1e-030 1e-030 1e-030 1e-030 1e-030 1e-030 1e-030 1e-030 1e-030 1e-030 1e-030 1e-030 1e-030 1e-030 1e-030 1e-030 1e-030 1e-030 1e-030 1e-030 1e-030 1e-030 1e-030 0.606867 1e-030 1e-030 1e-030 0.393133 1e-030 1e-030 1e-030 6.34873e-013 
1e-030 1.28355e-111 1e-030 1e-030 1e-030 1e-030 1e-030 1e-030 1e-030 1.06021e-202 1e-030 1e-030 1e-030 1e-030 1e-030 1e-030 1e-030 1.02118e-318 1e-030 1e-030 1e-030 1e-030 1e-030 0.407937 1.28355e-111 1e-030 1e-030 0.0308779 1e-030 6.65828e-261 2.35813e-014 0.561185 
1e-030 5.80724e-031 1e-030 1e-030 1e-030 1e-030 1e-030 1e-030 1e-030 1e-030 1e-030 1e-030 1e-030 1e-030 1e-030 1e-030 1e-030 1.05531e-288 1e-030 1e-030 1e-030 1e-030 1e-030 0.516226 1.13119e-116 1e-030 1e-030 0.0772318 1e-030 5.46471e-231 0.0677891 0.338753 
1e-030 0.302366 1e-030 1e-030 1e-030 1e-030 1e-030 1e-030 1e-030 4.63894e-026 1e-030 1e-030 1e-030 1e-030 1e-030 1e-030 1e-030 7.57126e-259 1e-030 1e-030 1e-030 1e-030 1e-030 7.41387e-142 0.302366 1e-030 1e-030 0.185025 1e-030 1e-030 0.210244 1.43917e-010 
1e-030 0.0724846 1e-030 1e-030 1e-030 1e-030 1e-030 0.0483231 1e-030 0.0966462 1e-030 1e-030 1e-030 0.0483231 0.0483231 1e-030 1e-030 0.0483231 1e-030 1e-030 1e-030 1e-030 1e-030 0.265777 9.52419e-034 1e-030 1e-030 0.0818612 1e-030 0.0241615 0.169131 0.0966462 
1e-030 1e-030 1e-030 1e-030 1e-030 1e-030 1e-030 1e-030 1e-030 1e-030 1e-030 1e-030 1e-030 1e-030 1e-030 1e-030 1e-030 1e-030 1e-030 1e-030 1e-030 1e-030 1e-030 0.718011 1e-030 1e-030 1e-030 0.163377 1e-030 1e-030 1e-030 0.118612 
1e-030 1e-030 1e-030 1e-030 1e-030 1e-030 1e-030 1e-030 1e-030 1e-030 1e-030 1e-030 1e-030 1e-030 1e-030 1e-030 1e-030 1e-030 1e-030 1e-030 1e-030 1e-030 1e-030 0.238646 1e-030 1e-030 1e-030 0.107622 1e-030 1e-030 1e-030 0.653732 
1e-030 1e-030 1e-030 1e-030 1e-030 1e-030 1e-030 1e-030 1e-030 1e-030 1e-030 1e-030 1e-030 3.51671e-136 1e-030 1e-030 1e-030 6.61631e-009 1e-030 1e-030 1e-030 1e-030 1e-030 4.6405e-009 1e-030 1e-030 1e-030 1 1e-030 1e-030 1e-030 3.43399e-033 
1e-030 0.203875 0.101938 1e-030 1e-030 1e-030 1e-030 0.101938 1e-030 1e-030 1e-030 1e-030 1e-030 0.203875 1e-030 1e-030 1e-030 0.388375 1e-030 1e-030 1e-030 1e-030 1e-030 1.02483e-016 1e-030 1e-030 1e-030 2.2976e-026 1e-030 1e-030 2.99136e-199 2.54053e-132 
1e-030 7.94313e-096 1.03923e-034 1e-030 1e-030 0.019535 1e-030 0.019535 1e-030 1e-030 1e-030 1e-030 1e-030 0.019535 0.0976752 0.019535 1e-030 0.0818533 0.0781401 1e-030 0.019535 1e-030 1e-030 0.312561 1e-030 1e-030 0.0390701 0.019535 1e-030 1e-030 0.214885 0.0586051 
1e-030 1e-030 1e-030 1e-030 1e-030 1e-030 1e-030 1e-030 1e-030 1e-030 1e-030 1e-030 1e-030 1e-030 1e-030 1e-030 1e-030 1e-030 1e-030 1e-030 1e-030 1e-030 1e-030 0.262868 1e-030 1e-030 1e-030 0.20809 1e-030 1e-030 0.0699298 0.459112 
1e-030 1e-030 1e-030 1e-030 1e-030 1e-030 1e-030 1e-030 1e-030 1e-030 1e-030 1e-030 1e-030 3.66527e-077 1e-030 1e-030 1e-030 2.14473e-300 1e-030 1e-030 1e-030 1e-030 1e-030 0.274249 1e-030 7.52213e-271 1e-030 0.188923 1e-030 1e-030 0.0996761 0.437152 
1e-030 2.36737e-291 1e-030 1e-030 1e-030 1e-030 1e-030 1e-030 1e-030 1e-030 1e-030 1e-030 1e-030 2.63188e-007 1e-030 1e-030 1e-030 1.74585e-066 1e-030 1e-030 1e-030 1e-030 1e-030 0.314911 1e-030 2.35546e-025 1e-030 0.284554 1e-030 1e-030 0.073748 0.326786 
1e-030 0.362182 1e-030 1e-030 1e-030 1e-030 1e-030 1e-030 1e-030 1e-030 1e-030 1e-030 1e-030 0.127267 1.70835e-174 1e-030 1e-030 0.381801 1e-030 1e-030 1e-030 1e-030 1e-030 0.00147796 1e-030 0.127267 1e-030 1.25487e-008 1e-030 1e-030 6.0801e-006 2.49426e-019 
1e-030 0.0370467 1e-030 1e-030 1e-030 1e-030 1e-030 1e-030 1e-030 1e-030 1e-030 1e-030 1e-030 5.06683e-110 0.064197 1e-030 1e-030 2.33284e-012 1e-030 1e-030 1e-030 1e-030 1e-030 0.353083 1e-030 1.59036e-056 1e-030 3.45524e-198 1e-030 1e-030 0.481476 0.064197 
